title = "surface data"
 variables = "x/c"
"Re<greek>q</greek>"
"frequency"
"wave length"
"N<sub>factor</sub>"
zone  t = "dict_keys(  allWalls ispan = 001 upper ts wave 13000.0hz"
   0.34334E-01   0.75646E+03   0.13000E+05   0.51240E+17   0.00000E+00
   0.36026E-01   0.79828E+03   0.13000E+05   0.54081E+17   0.13423E+00
   0.37775E-01   0.84055E+03   0.13000E+05   0.56973E+17   0.19217E+00
   0.39581E-01   0.88478E+03   0.13000E+05   0.60051E+17   0.32048E+00
   0.41443E-01   0.93110E+03   0.13000E+05   0.63317E+17   0.51179E+00
   0.43362E-01   0.98113E+03   0.13000E+05   0.66895E+17   0.76085E+00
   0.45338E-01   0.10336E+04   0.13000E+05   0.70714E+17   0.10615E+01
   0.47370E-01   0.10835E+04   0.13000E+05   0.74396E+17   0.13957E+01
   0.49457E-01   0.11311E+04   0.13000E+05   0.77925E+17   0.17384E+01
   0.51601E-01   0.11715E+04   0.13000E+05   0.80996E+17   0.20618E+01
   0.53800E-01   0.11978E+04   0.13000E+05   0.83000E+17   0.23261E+01
   0.56056E-01   0.12170E+04   0.13000E+05   0.84416E+17   0.24877E+01
   0.58370E-01   0.12309E+04   0.13000E+05   0.85423E+17   0.25084E+01
   0.60741E-01   0.12416E+04   0.13000E+05   0.86108E+17   0.23439E+01
   0.63171E-01   0.12541E+04   0.13000E+05   0.86892E+17   0.18891E+01
   0.65660E-01   0.12669E+04   0.13000E+05   0.87677E+17   0.81480E+00
   0.68209E-01   0.12757E+04   0.13000E+05   0.88141E+17   0.00000E+00
   0.70818E-01   0.12811E+04   0.13000E+05   0.88282E+17   0.00000E+00
   0.73490E-01   0.12858E+04   0.13000E+05   0.88329E+17   0.00000E+00
   0.76225E-01   0.12894E+04   0.13000E+05   0.88253E+17   0.00000E+00
   0.79025E-01   0.12939E+04   0.13000E+05   0.88176E+17   0.00000E+00
   0.81891E-01   0.13021E+04   0.13000E+05   0.88352E+17   0.00000E+00
   0.84825E-01   0.13134E+04   0.13000E+05   0.88740E+17   0.00000E+00
   0.87827E-01   0.13289E+04   0.13000E+05   0.89412E+17   0.00000E+00
   0.90900E-01   0.13482E+04   0.13000E+05   0.90382E+17   0.00000E+00
   0.94044E-01   0.13708E+04   0.13000E+05   0.91573E+17   0.00000E+00
   0.97261E-01   0.13966E+04   0.13000E+05   0.93031E+17   0.00000E+00
   0.10055E+00   0.14240E+04   0.13000E+05   0.94599E+17   0.00000E+00
   0.10391E+00   0.14528E+04   0.13000E+05   0.96293E+17   0.00000E+00
   0.10735E+00   0.14823E+04   0.13000E+05   0.98030E+17   0.00000E+00
   0.11087E+00   0.15123E+04   0.13000E+05   0.99827E+17   0.00000E+00
   0.11446E+00   0.15430E+04   0.13000E+05   0.10166E+18   0.00000E+00
   0.11813E+00   0.15744E+04   0.13000E+05   0.10357E+18   0.00000E+00
zone  t = "dict_keys(  allWalls ispan = 001 upper ts wave 11680.0hz"
   0.34334E-01   0.75646E+03   0.11680E+05   0.51240E+17   0.00000E+00
   0.36026E-01   0.79828E+03   0.11680E+05   0.54081E+17   0.12837E+00
   0.37775E-01   0.84055E+03   0.11680E+05   0.56973E+17   0.16453E+00
   0.39581E-01   0.88478E+03   0.11680E+05   0.60051E+17   0.27910E+00
   0.41443E-01   0.93110E+03   0.11680E+05   0.63317E+17   0.46668E+00
   0.43362E-01   0.98113E+03   0.11680E+05   0.66895E+17   0.72398E+00
   0.45338E-01   0.10336E+04   0.11680E+05   0.70714E+17   0.10466E+01
   0.47370E-01   0.10835E+04   0.11680E+05   0.74396E+17   0.14181E+01
   0.49457E-01   0.11311E+04   0.11680E+05   0.77925E+17   0.18140E+01
   0.51601E-01   0.11715E+04   0.11680E+05   0.80996E+17   0.22072E+01
   0.53800E-01   0.11978E+04   0.11680E+05   0.83000E+17   0.25588E+01
   0.56056E-01   0.12170E+04   0.11680E+05   0.84416E+17   0.28291E+01
   0.58370E-01   0.12309E+04   0.11680E+05   0.85423E+17   0.29892E+01
   0.60741E-01   0.12416E+04   0.11680E+05   0.86108E+17   0.30156E+01
   0.63171E-01   0.12541E+04   0.11680E+05   0.86892E+17   0.28868E+01
   0.65660E-01   0.12669E+04   0.11680E+05   0.87677E+17   0.25800E+01
   0.68209E-01   0.12757E+04   0.11680E+05   0.88141E+17   0.20636E+01
   0.70818E-01   0.12811E+04   0.11680E+05   0.88282E+17   0.13044E+01
   0.73490E-01   0.12858E+04   0.11680E+05   0.88329E+17   0.31320E+00
   0.76225E-01   0.12894E+04   0.11680E+05   0.88253E+17   0.00000E+00
   0.79025E-01   0.12939E+04   0.11680E+05   0.88176E+17   0.00000E+00
   0.81891E-01   0.13021E+04   0.11680E+05   0.88352E+17   0.00000E+00
   0.84825E-01   0.13134E+04   0.11680E+05   0.88740E+17   0.00000E+00
   0.87827E-01   0.13289E+04   0.11680E+05   0.89412E+17   0.00000E+00
   0.90900E-01   0.13482E+04   0.11680E+05   0.90382E+17   0.00000E+00
   0.94044E-01   0.13708E+04   0.11680E+05   0.91573E+17   0.00000E+00
   0.97261E-01   0.13966E+04   0.11680E+05   0.93031E+17   0.00000E+00
   0.10055E+00   0.14240E+04   0.11680E+05   0.94599E+17   0.00000E+00
   0.10391E+00   0.14528E+04   0.11680E+05   0.96293E+17   0.00000E+00
   0.10735E+00   0.14823E+04   0.11680E+05   0.98030E+17   0.00000E+00
   0.11087E+00   0.15123E+04   0.11680E+05   0.99827E+17   0.00000E+00
   0.11446E+00   0.15430E+04   0.11680E+05   0.10166E+18   0.00000E+00
   0.11813E+00   0.15744E+04   0.11680E+05   0.10357E+18   0.00000E+00
   0.12188E+00   0.16068E+04   0.11680E+05   0.10555E+18   0.00000E+00
zone  t = "dict_keys(  allWalls ispan = 001 upper ts wave 10494.1hz"
   0.34334E-01   0.75646E+03   0.10494E+05   0.51240E+17   0.00000E+00
   0.36026E-01   0.79828E+03   0.10494E+05   0.54081E+17   0.10711E+00
   0.37775E-01   0.84055E+03   0.10494E+05   0.56973E+17   0.10987E+00
   0.39581E-01   0.88478E+03   0.10494E+05   0.60051E+17   0.19607E+00
   0.41443E-01   0.93110E+03   0.10494E+05   0.63317E+17   0.36203E+00
   0.43362E-01   0.98113E+03   0.10494E+05   0.66895E+17   0.60612E+00
   0.45338E-01   0.10336E+04   0.10494E+05   0.70714E+17   0.92565E+00
   0.47370E-01   0.10835E+04   0.10494E+05   0.74396E+17   0.13056E+01
   0.49457E-01   0.11311E+04   0.10494E+05   0.77925E+17   0.17227E+01
   0.51601E-01   0.11715E+04   0.10494E+05   0.80996E+17   0.21506E+01
   0.53800E-01   0.11978E+04   0.10494E+05   0.83000E+17   0.25515E+01
   0.56056E-01   0.12170E+04   0.10494E+05   0.84416E+17   0.28884E+01
   0.58370E-01   0.12309E+04   0.10494E+05   0.85423E+17   0.31373E+01
   0.60741E-01   0.12416E+04   0.10494E+05   0.86108E+17   0.32829E+01
   0.63171E-01   0.12541E+04   0.10494E+05   0.86892E+17   0.33184E+01
   0.65660E-01   0.12669E+04   0.10494E+05   0.87677E+17   0.32441E+01
   0.68209E-01   0.12757E+04   0.10494E+05   0.88141E+17   0.30555E+01
   0.70818E-01   0.12811E+04   0.10494E+05   0.88282E+17   0.27378E+01
   0.73490E-01   0.12858E+04   0.10494E+05   0.88329E+17   0.22795E+01
   0.76225E-01   0.12894E+04   0.10494E+05   0.88253E+17   0.16889E+01
   0.79025E-01   0.12939E+04   0.10494E+05   0.88176E+17   0.99427E+00
   0.81891E-01   0.13021E+04   0.10494E+05   0.88352E+17   0.23609E+00
   0.84825E-01   0.13134E+04   0.10494E+05   0.88740E+17   0.00000E+00
   0.87827E-01   0.13289E+04   0.10494E+05   0.89412E+17   0.00000E+00
   0.90900E-01   0.13482E+04   0.10494E+05   0.90382E+17   0.00000E+00
   0.94044E-01   0.13708E+04   0.10494E+05   0.91573E+17   0.00000E+00
   0.97261E-01   0.13966E+04   0.10494E+05   0.93031E+17   0.00000E+00
   0.10055E+00   0.14240E+04   0.10494E+05   0.94599E+17   0.00000E+00
   0.10391E+00   0.14528E+04   0.10494E+05   0.96293E+17   0.00000E+00
   0.10735E+00   0.14823E+04   0.10494E+05   0.98030E+17   0.00000E+00
   0.11087E+00   0.15123E+04   0.10494E+05   0.99827E+17   0.00000E+00
   0.11446E+00   0.15430E+04   0.10494E+05   0.10166E+18   0.00000E+00
   0.11813E+00   0.15744E+04   0.10494E+05   0.10357E+18   0.00000E+00
   0.12188E+00   0.16068E+04   0.10494E+05   0.10555E+18   0.00000E+00
   0.12571E+00   0.16405E+04   0.10494E+05   0.10763E+18   0.00000E+00
zone  t = "dict_keys(  allWalls ispan = 001 upper ts wave  9428.6hz"
   0.34334E-01   0.75646E+03   0.94286E+04   0.51240E+17   0.00000E+00
   0.36026E-01   0.79828E+03   0.94285E+04   0.54081E+17   0.75523E-01
   0.37775E-01   0.84055E+03   0.94285E+04   0.56973E+17   0.37729E-01
   0.39581E-01   0.88478E+03   0.94285E+04   0.60051E+17   0.85903E-01
   0.41443E-01   0.93110E+03   0.94285E+04   0.63317E+17   0.21795E+00
   0.43362E-01   0.98113E+03   0.94285E+04   0.66895E+17   0.43378E+00
   0.45338E-01   0.10336E+04   0.94285E+04   0.70714E+17   0.73223E+00
   0.47370E-01   0.10835E+04   0.94285E+04   0.74396E+17   0.10997E+01
   0.49457E-01   0.11311E+04   0.94285E+04   0.77925E+17   0.15144E+01
   0.51601E-01   0.11715E+04   0.94285E+04   0.80996E+17   0.19508E+01
   0.53800E-01   0.11978E+04   0.94285E+04   0.83000E+17   0.23718E+01
   0.56056E-01   0.12170E+04   0.94286E+04   0.84416E+17   0.27422E+01
   0.58370E-01   0.12309E+04   0.94286E+04   0.85423E+17   0.30409E+01
   0.60741E-01   0.12416E+04   0.94285E+04   0.86108E+17   0.32558E+01
   0.63171E-01   0.12541E+04   0.94286E+04   0.86892E+17   0.33849E+01
   0.65660E-01   0.12669E+04   0.94285E+04   0.87677E+17   0.34332E+01
   0.68209E-01   0.12757E+04   0.94285E+04   0.88141E+17   0.34006E+01
   0.70818E-01   0.12811E+04   0.94285E+04   0.88282E+17   0.32774E+01
   0.73490E-01   0.12858E+04   0.94285E+04   0.88329E+17   0.30552E+01
   0.76225E-01   0.12894E+04   0.94285E+04   0.88253E+17   0.27345E+01
   0.79025E-01   0.12939E+04   0.94285E+04   0.88176E+17   0.23262E+01
   0.81891E-01   0.13021E+04   0.94285E+04   0.88352E+17   0.18545E+01
   0.84825E-01   0.13134E+04   0.94285E+04   0.88740E+17   0.13485E+01
   0.87827E-01   0.13289E+04   0.94285E+04   0.89412E+17   0.83220E+00
   0.90900E-01   0.13482E+04   0.94285E+04   0.90382E+17   0.32244E+00
   0.94044E-01   0.13708E+04   0.94285E+04   0.91573E+17   0.00000E+00
   0.97261E-01   0.13966E+04   0.94285E+04   0.93031E+17   0.00000E+00
   0.10055E+00   0.14240E+04   0.94285E+04   0.94599E+17   0.00000E+00
   0.10391E+00   0.14528E+04   0.94285E+04   0.96293E+17   0.00000E+00
   0.10735E+00   0.14823E+04   0.94285E+04   0.98030E+17   0.00000E+00
   0.11087E+00   0.15123E+04   0.94285E+04   0.99827E+17   0.00000E+00
   0.11446E+00   0.15430E+04   0.94285E+04   0.10166E+18   0.00000E+00
   0.11813E+00   0.15744E+04   0.94285E+04   0.10357E+18   0.00000E+00
   0.12188E+00   0.16068E+04   0.94285E+04   0.10555E+18   0.00000E+00
   0.12571E+00   0.16405E+04   0.94285E+04   0.10763E+18   0.00000E+00
   0.12961E+00   0.16764E+04   0.94285E+04   0.10986E+18   0.00000E+00
   0.13360E+00   0.17150E+04   0.94285E+04   0.11231E+18   0.00000E+00
zone  t = "dict_keys(  allWalls ispan = 001 upper ts wave  8471.2hz"
   0.34334E-01   0.75646E+03   0.84712E+04   0.51240E+17   0.00000E+00
   0.36026E-01   0.79828E+03   0.84712E+04   0.54081E+17   0.80686E-01
   0.37775E-01   0.84055E+03   0.84712E+04   0.56973E+17   0.42985E-01
   0.39581E-01   0.88478E+03   0.84712E+04   0.60051E+17   0.47337E-01
   0.41443E-01   0.93110E+03   0.84712E+04   0.63317E+17   0.13747E+00
   0.43362E-01   0.98113E+03   0.84712E+04   0.66895E+17   0.31470E+00
   0.45338E-01   0.10336E+04   0.84712E+04   0.70714E+17   0.57936E+00
   0.47370E-01   0.10835E+04   0.84712E+04   0.74396E+17   0.91936E+00
   0.49457E-01   0.11311E+04   0.84712E+04   0.77925E+17   0.13141E+01
   0.51601E-01   0.11715E+04   0.84712E+04   0.80996E+17   0.17393E+01
   0.53800E-01   0.11978E+04   0.84712E+04   0.83000E+17   0.21585E+01
   0.56056E-01   0.12170E+04   0.84712E+04   0.84416E+17   0.25374E+01
   0.58370E-01   0.12309E+04   0.84712E+04   0.85423E+17   0.28567E+01
   0.60741E-01   0.12416E+04   0.84712E+04   0.86108E+17   0.31059E+01
   0.63171E-01   0.12541E+04   0.84712E+04   0.86892E+17   0.32845E+01
   0.65660E-01   0.12669E+04   0.84712E+04   0.87677E+17   0.33988E+01
   0.68209E-01   0.12757E+04   0.84712E+04   0.88141E+17   0.34493E+01
   0.70818E-01   0.12811E+04   0.84712E+04   0.88282E+17   0.34278E+01
   0.73490E-01   0.12858E+04   0.84712E+04   0.88329E+17   0.33276E+01
   0.76225E-01   0.12894E+04   0.84712E+04   0.88253E+17   0.31478E+01
   0.79025E-01   0.12939E+04   0.84712E+04   0.88176E+17   0.28941E+01
   0.81891E-01   0.13021E+04   0.84711E+04   0.88352E+17   0.25834E+01
   0.84825E-01   0.13134E+04   0.84712E+04   0.88740E+17   0.22390E+01
   0.87827E-01   0.13289E+04   0.84712E+04   0.89412E+17   0.18824E+01
   0.90900E-01   0.13482E+04   0.84712E+04   0.90382E+17   0.15311E+01
   0.94044E-01   0.13708E+04   0.84712E+04   0.91573E+17   0.11959E+01
   0.97261E-01   0.13966E+04   0.84712E+04   0.93031E+17   0.88222E+00
   0.10055E+00   0.14240E+04   0.84712E+04   0.94599E+17   0.58965E+00
   0.10391E+00   0.14528E+04   0.84712E+04   0.96293E+17   0.31263E+00
   0.10735E+00   0.14823E+04   0.84712E+04   0.98030E+17   0.43173E-01
   0.11087E+00   0.15123E+04   0.84712E+04   0.99827E+17   0.00000E+00
   0.11446E+00   0.15430E+04   0.84712E+04   0.10166E+18   0.00000E+00
   0.11813E+00   0.15744E+04   0.84712E+04   0.10357E+18   0.00000E+00
   0.12188E+00   0.16068E+04   0.84712E+04   0.10555E+18   0.00000E+00
   0.12571E+00   0.16405E+04   0.84712E+04   0.10763E+18   0.00000E+00
   0.12961E+00   0.16764E+04   0.84712E+04   0.10986E+18   0.00000E+00
   0.13360E+00   0.17150E+04   0.84712E+04   0.11231E+18   0.00000E+00
   0.13767E+00   0.17553E+04   0.84712E+04   0.11489E+18   0.00000E+00
zone  t = "dict_keys(  allWalls ispan = 001 upper ts wave  7611.1hz"
   0.34334E-01   0.75646E+03   0.76111E+04   0.51240E+17   0.00000E+00
   0.36026E-01   0.79828E+03   0.76111E+04   0.54081E+17   0.38750E-01
   0.37775E-01   0.84055E+03   0.76111E+04   0.56973E+17   0.00000E+00
   0.39581E-01   0.88478E+03   0.76111E+04   0.60051E+17   0.54505E-03
   0.41443E-01   0.93110E+03   0.76111E+04   0.63317E+17   0.44122E-01
   0.43362E-01   0.98113E+03   0.76111E+04   0.66895E+17   0.17613E+00
   0.45338E-01   0.10336E+04   0.76111E+04   0.70714E+17   0.39828E+00
   0.47370E-01   0.10835E+04   0.76111E+04   0.74396E+17   0.70007E+00
   0.49457E-01   0.11311E+04   0.76111E+04   0.77925E+17   0.10623E+01
   0.51601E-01   0.11715E+04   0.76111E+04   0.80996E+17   0.14616E+01
   0.53800E-01   0.11978E+04   0.76111E+04   0.83000E+17   0.18624E+01
   0.56056E-01   0.12170E+04   0.76111E+04   0.84416E+17   0.22312E+01
   0.58370E-01   0.12309E+04   0.76111E+04   0.85423E+17   0.25497E+01
   0.60741E-01   0.12416E+04   0.76111E+04   0.86108E+17   0.28079E+01
   0.63171E-01   0.12541E+04   0.76111E+04   0.86892E+17   0.30060E+01
   0.65660E-01   0.12669E+04   0.76111E+04   0.87677E+17   0.31506E+01
   0.68209E-01   0.12757E+04   0.76111E+04   0.88141E+17   0.32419E+01
   0.70818E-01   0.12811E+04   0.76111E+04   0.88282E+17   0.32722E+01
   0.73490E-01   0.12858E+04   0.76111E+04   0.88329E+17   0.32353E+01
   0.76225E-01   0.12894E+04   0.76111E+04   0.88253E+17   0.31301E+01
   0.79025E-01   0.12939E+04   0.76111E+04   0.88176E+17   0.29600E+01
   0.81891E-01   0.13021E+04   0.76110E+04   0.88352E+17   0.27387E+01
   0.84825E-01   0.13134E+04   0.76110E+04   0.88740E+17   0.24855E+01
   0.87827E-01   0.13289E+04   0.76111E+04   0.89412E+17   0.22201E+01
   0.90900E-01   0.13482E+04   0.76111E+04   0.90382E+17   0.19593E+01
   0.94044E-01   0.13708E+04   0.76111E+04   0.91573E+17   0.17152E+01
   0.97261E-01   0.13966E+04   0.76111E+04   0.93031E+17   0.14949E+01
   0.10055E+00   0.14240E+04   0.76111E+04   0.94599E+17   0.13000E+01
   0.10391E+00   0.14528E+04   0.76111E+04   0.96293E+17   0.11277E+01
   0.10735E+00   0.14823E+04   0.76111E+04   0.98030E+17   0.97262E+00
   0.11087E+00   0.15123E+04   0.76111E+04   0.99827E+17   0.82834E+00
   0.11446E+00   0.15430E+04   0.76111E+04   0.10166E+18   0.68910E+00
   0.11813E+00   0.15744E+04   0.76111E+04   0.10357E+18   0.55000E+00
   0.12188E+00   0.16068E+04   0.76111E+04   0.10555E+18   0.40720E+00
   0.12571E+00   0.16405E+04   0.76111E+04   0.10763E+18   0.25762E+00
   0.12961E+00   0.16764E+04   0.76111E+04   0.10986E+18   0.99716E-01
   0.13360E+00   0.17150E+04   0.76111E+04   0.11231E+18   0.00000E+00
   0.13767E+00   0.17553E+04   0.76111E+04   0.11489E+18   0.00000E+00
zone  t = "dict_keys(  allWalls ispan = 001 upper ts wave  6838.3hz"
   0.34334E-01   0.75646E+03   0.68383E+04   0.51240E+17   0.00000E+00
   0.36026E-01   0.79828E+03   0.68383E+04   0.54081E+17   0.35610E-01
   0.37775E-01   0.84055E+03   0.68383E+04   0.56973E+17   0.00000E+00
   0.39581E-01   0.88478E+03   0.68383E+04   0.60051E+17   0.00000E+00
   0.41443E-01   0.93110E+03   0.68383E+04   0.63317E+17   0.18825E-01
   0.43362E-01   0.98113E+03   0.68383E+04   0.66895E+17   0.10191E+00
   0.45338E-01   0.10336E+04   0.68383E+04   0.70714E+17   0.27605E+00
   0.47370E-01   0.10835E+04   0.68383E+04   0.74396E+17   0.53233E+00
   0.49457E-01   0.11311E+04   0.68383E+04   0.77925E+17   0.85302E+00
   0.51601E-01   0.11715E+04   0.68383E+04   0.80996E+17   0.12159E+01
   0.53800E-01   0.11978E+04   0.68383E+04   0.83000E+17   0.15862E+01
   0.56056E-01   0.12170E+04   0.68383E+04   0.84416E+17   0.19311E+01
   0.58370E-01   0.12309E+04   0.68383E+04   0.85423E+17   0.22329E+01
   0.60741E-01   0.12416E+04   0.68383E+04   0.86108E+17   0.24819E+01
   0.63171E-01   0.12541E+04   0.68383E+04   0.86892E+17   0.26784E+01
   0.65660E-01   0.12669E+04   0.68383E+04   0.87677E+17   0.28289E+01
   0.68209E-01   0.12757E+04   0.68383E+04   0.88141E+17   0.29334E+01
   0.70818E-01   0.12811E+04   0.68383E+04   0.88282E+17   0.29840E+01
   0.73490E-01   0.12858E+04   0.68383E+04   0.88329E+17   0.29751E+01
   0.76225E-01   0.12894E+04   0.68383E+04   0.88253E+17   0.29051E+01
   0.79025E-01   0.12939E+04   0.68383E+04   0.88176E+17   0.27766E+01
   0.81891E-01   0.13021E+04   0.68382E+04   0.88352E+17   0.26008E+01
   0.84825E-01   0.13134E+04   0.68382E+04   0.88740E+17   0.23951E+01
   0.87827E-01   0.13289E+04   0.68382E+04   0.89412E+17   0.21772E+01
   0.90900E-01   0.13482E+04   0.68382E+04   0.90382E+17   0.19637E+01
   0.94044E-01   0.13708E+04   0.68383E+04   0.91573E+17   0.17667E+01
   0.97261E-01   0.13966E+04   0.68383E+04   0.93031E+17   0.15943E+01
   0.10055E+00   0.14240E+04   0.68383E+04   0.94599E+17   0.14498E+01
   0.10391E+00   0.14528E+04   0.68383E+04   0.96293E+17   0.13318E+01
   0.10735E+00   0.14823E+04   0.68383E+04   0.98030E+17   0.12365E+01
   0.11087E+00   0.15123E+04   0.68383E+04   0.99827E+17   0.11593E+01
   0.11446E+00   0.15430E+04   0.68383E+04   0.10166E+18   0.10959E+01
   0.11813E+00   0.15744E+04   0.68383E+04   0.10357E+18   0.10427E+01
   0.12188E+00   0.16068E+04   0.68383E+04   0.10555E+18   0.99753E+00
   0.12571E+00   0.16405E+04   0.68383E+04   0.10763E+18   0.95874E+00
   0.12961E+00   0.16764E+04   0.68383E+04   0.10986E+18   0.92650E+00
   0.13360E+00   0.17150E+04   0.68383E+04   0.11231E+18   0.90256E+00
   0.13767E+00   0.17553E+04   0.68383E+04   0.11489E+18   0.88690E+00
   0.14183E+00   0.17966E+04   0.68383E+04   0.11758E+18   0.87537E+00
zone  t = "dict_keys(  allWalls ispan = 001 upper ts wave  6143.9hz"
   0.34334E-01   0.75646E+03   0.61439E+04   0.51240E+17   0.00000E+00
   0.36026E-01   0.79828E+03   0.61439E+04   0.54081E+17   0.29696E-01
   0.37775E-01   0.84055E+03   0.61439E+04   0.56973E+17   0.19061E-01
   0.39581E-01   0.88478E+03   0.61439E+04   0.60051E+17   0.81501E-02
   0.41443E-01   0.93110E+03   0.61439E+04   0.63317E+17   0.00000E+00
   0.43362E-01   0.98113E+03   0.61439E+04   0.66895E+17   0.38633E-01
   0.45338E-01   0.10336E+04   0.61439E+04   0.70714E+17   0.16185E+00
   0.47370E-01   0.10835E+04   0.61439E+04   0.74396E+17   0.36810E+00
   0.49457E-01   0.11311E+04   0.61439E+04   0.77925E+17   0.64122E+00
   0.51601E-01   0.11715E+04   0.61439E+04   0.80996E+17   0.96022E+00
   0.53800E-01   0.11978E+04   0.61439E+04   0.83000E+17   0.12912E+01
   0.56056E-01   0.12170E+04   0.61439E+04   0.84416E+17   0.16022E+01
   0.58370E-01   0.12309E+04   0.61439E+04   0.85423E+17   0.18758E+01
   0.60741E-01   0.12416E+04   0.61439E+04   0.86108E+17   0.21025E+01
   0.63171E-01   0.12541E+04   0.61439E+04   0.86892E+17   0.22826E+01
   0.65660E-01   0.12669E+04   0.61439E+04   0.87677E+17   0.24221E+01
   0.68209E-01   0.12757E+04   0.61439E+04   0.88141E+17   0.25207E+01
   0.70818E-01   0.12811E+04   0.61439E+04   0.88282E+17   0.25708E+01
   0.73490E-01   0.12858E+04   0.61439E+04   0.88329E+17   0.25667E+01
   0.76225E-01   0.12894E+04   0.61439E+04   0.88253E+17   0.25068E+01
   0.79025E-01   0.12939E+04   0.61439E+04   0.88176E+17   0.23928E+01
   0.81891E-01   0.13021E+04   0.61439E+04   0.88352E+17   0.22346E+01
   0.84825E-01   0.13134E+04   0.61439E+04   0.88740E+17   0.20479E+01
   0.87827E-01   0.13289E+04   0.61439E+04   0.89412E+17   0.18491E+01
   0.90900E-01   0.13482E+04   0.61439E+04   0.90382E+17   0.16542E+01
   0.94044E-01   0.13708E+04   0.61439E+04   0.91573E+17   0.14752E+01
   0.97261E-01   0.13966E+04   0.61439E+04   0.93031E+17   0.13210E+01
   0.10055E+00   0.14240E+04   0.61439E+04   0.94599E+17   0.11955E+01
   0.10391E+00   0.14528E+04   0.61439E+04   0.96293E+17   0.10987E+01
   0.10735E+00   0.14823E+04   0.61439E+04   0.98030E+17   0.10279E+01
   0.11087E+00   0.15123E+04   0.61439E+04   0.99827E+17   0.97964E+00
   0.11446E+00   0.15430E+04   0.61439E+04   0.10166E+18   0.95054E+00
   0.11813E+00   0.15744E+04   0.61439E+04   0.10357E+18   0.93809E+00
   0.12188E+00   0.16068E+04   0.61439E+04   0.10555E+18   0.94075E+00
   0.12571E+00   0.16405E+04   0.61439E+04   0.10763E+18   0.95793E+00
   0.12961E+00   0.16764E+04   0.61439E+04   0.10986E+18   0.99063E+00
   0.13360E+00   0.17150E+04   0.61439E+04   0.11231E+18   0.10416E+01
   0.13767E+00   0.17553E+04   0.61439E+04   0.11489E+18   0.11118E+01
   0.14183E+00   0.17966E+04   0.61439E+04   0.11758E+18   0.11987E+01
   0.14606E+00   0.18364E+04   0.61439E+04   0.12017E+18   0.12946E+01
   0.15038E+00   0.18746E+04   0.61439E+04   0.12265E+18   0.13877E+01
   0.15478E+00   0.19116E+04   0.61439E+04   0.12506E+18   0.14670E+01
   0.15927E+00   0.19480E+04   0.61439E+04   0.12742E+18   0.15237E+01
   0.16385E+00   0.19849E+04   0.61439E+04   0.12982E+18   0.15531E+01
   0.16851E+00   0.20233E+04   0.61439E+04   0.13233E+18   0.15535E+01
   0.17325E+00   0.20643E+04   0.61439E+04   0.13502E+18   0.15261E+01
   0.17809E+00   0.21101E+04   0.61439E+04   0.13807E+18   0.14769E+01
   0.18301E+00   0.21592E+04   0.61439E+04   0.14137E+18   0.14133E+01
   0.18803E+00   0.22096E+04   0.61439E+04   0.14479E+18   0.13398E+01
   0.19313E+00   0.22598E+04   0.61439E+04   0.14822E+18   0.12563E+01
   0.19832E+00   0.23082E+04   0.61439E+04   0.15155E+18   0.11594E+01
   0.20360E+00   0.23545E+04   0.61439E+04   0.15475E+18   0.10438E+01
   0.20898E+00   0.23987E+04   0.61439E+04   0.15780E+18   0.90560E+00
   0.21444E+00   0.24429E+04   0.61439E+04   0.16085E+18   0.74516E+00
   0.22000E+00   0.24891E+04   0.61439E+04   0.16405E+18   0.56957E+00
   0.22565E+00   0.25390E+04   0.61439E+04   0.16751E+18   0.39245E+00
   0.23140E+00   0.25946E+04   0.61439E+04   0.17140E+18   0.23121E+00
   0.23724E+00   0.26548E+04   0.61439E+04   0.17563E+18   0.10521E+00
   0.24317E+00   0.27179E+04   0.61439E+04   0.18010E+18   0.30376E-01
   0.24920E+00   0.27812E+04   0.61439E+04   0.18463E+18   0.13298E-01
   0.25532E+00   0.28411E+04   0.61439E+04   0.18894E+18   0.50685E-01
   0.26154E+00   0.28961E+04   0.61439E+04   0.19293E+18   0.12991E+00
   0.26786E+00   0.29476E+04   0.61439E+04   0.19667E+18   0.23482E+00
   0.27427E+00   0.29987E+04   0.61439E+04   0.20040E+18   0.35298E+00
   0.28078E+00   0.30521E+04   0.61439E+04   0.20429E+18   0.47877E+00
   0.28739E+00   0.31104E+04   0.61439E+04   0.20853E+18   0.61276E+00
   0.29409E+00   0.31741E+04   0.61439E+04   0.21318E+18   0.76116E+00
   0.30089E+00   0.32428E+04   0.61439E+04   0.21821E+18   0.93432E+00
   0.30779E+00   0.33140E+04   0.61439E+04   0.22344E+18   0.11406E+01
   0.31479E+00   0.33878E+04   0.61439E+04   0.22889E+18   0.13863E+01
   0.32189E+00   0.34684E+04   0.61439E+04   0.23484E+18   0.16777E+01
   0.32909E+00   0.35581E+04   0.61439E+04   0.24147E+18   0.20231E+01
   0.33639E+00   0.36555E+04   0.61439E+04   0.24868E+18   0.24300E+01
   0.34379E+00   0.37610E+04   0.61439E+04   0.25651E+18   0.29069E+01
   0.35129E+00   0.38697E+04   0.61439E+04   0.26464E+18   0.34617E+01
   0.35889E+00   0.39776E+04   0.61439E+04   0.27275E+18   0.40933E+01
   0.36659E+00   0.40857E+04   0.61439E+04   0.28091E+18   0.47972E+01
   0.37439E+00   0.41952E+04   0.61439E+04   0.28918E+18   0.55751E+01
   0.38229E+00   0.43061E+04   0.61439E+04   0.29756E+18   0.64443E+01
   0.39030E+00   0.44184E+04   0.61439E+04   0.30605E+18   0.74236E+01
   0.39840E+00   0.45322E+04   0.61439E+04   0.31464E+18   0.84980E+01
   0.40661E+00   0.46474E+04   0.61439E+04   0.32335E+18   0.96241E+01
   0.41493E+00   0.47640E+04   0.61439E+04   0.33216E+18   0.10778E+02
   0.42334E+00   0.48821E+04   0.61439E+04   0.34108E+18   0.11960E+02
   0.43186E+00   0.50016E+04   0.61439E+04   0.35011E+18   0.13172E+02
   0.44048E+00   0.51225E+04   0.61439E+04   0.35925E+18   0.14402E+02
   0.44920E+00   0.52449E+04   0.61439E+04   0.36850E+18   0.15676E+02
   0.45802E+00   0.53688E+04   0.61439E+04   0.37785E+18   0.17002E+02
   0.46695E+00   0.54941E+04   0.61440E+04   0.38732E+18   0.18253E+02
zone  t = "dict_keys(  allWalls ispan = 001 upper ts wave  5520.1hz"
   0.34334E-01   0.75646E+03   0.55201E+04   0.51240E+17   0.00000E+00
   0.36026E-01   0.79828E+03   0.55201E+04   0.54081E+17   0.00000E+00
   0.37775E-01   0.84055E+03   0.55201E+04   0.56973E+17   0.00000E+00
   0.39581E-01   0.88478E+03   0.55201E+04   0.60051E+17   0.00000E+00
   0.41443E-01   0.93110E+03   0.55201E+04   0.63317E+17   0.00000E+00
   0.43362E-01   0.98113E+03   0.55201E+04   0.66895E+17   0.13485E-01
   0.45338E-01   0.10336E+04   0.55201E+04   0.70714E+17   0.85012E-01
   0.47370E-01   0.10835E+04   0.55201E+04   0.74396E+17   0.23900E+00
   0.49457E-01   0.11311E+04   0.55201E+04   0.77925E+17   0.46095E+00
   0.51601E-01   0.11715E+04   0.55201E+04   0.80996E+17   0.73119E+00
   0.53800E-01   0.11978E+04   0.55201E+04   0.83000E+17   0.10170E+01
   0.56056E-01   0.12170E+04   0.55201E+04   0.84416E+17   0.12870E+01
   0.58370E-01   0.12309E+04   0.55201E+04   0.85423E+17   0.15244E+01
   0.60741E-01   0.12416E+04   0.55201E+04   0.86108E+17   0.17197E+01
   0.63171E-01   0.12541E+04   0.55201E+04   0.86892E+17   0.18729E+01
   0.65660E-01   0.12669E+04   0.55201E+04   0.87677E+17   0.19896E+01
   0.68209E-01   0.12757E+04   0.55201E+04   0.88141E+17   0.20694E+01
   0.70818E-01   0.12811E+04   0.55201E+04   0.88282E+17   0.21046E+01
   0.73490E-01   0.12858E+04   0.55201E+04   0.88329E+17   0.20898E+01
   0.76225E-01   0.12894E+04   0.55201E+04   0.88253E+17   0.20233E+01
   0.79025E-01   0.12939E+04   0.55201E+04   0.88176E+17   0.19061E+01
   0.81891E-01   0.13021E+04   0.55201E+04   0.88352E+17   0.17471E+01
   0.84825E-01   0.13134E+04   0.55201E+04   0.88740E+17   0.15608E+01
   0.87827E-01   0.13289E+04   0.55201E+04   0.89412E+17   0.13622E+01
   0.90900E-01   0.13482E+04   0.55201E+04   0.90382E+17   0.11668E+01
   0.94044E-01   0.13708E+04   0.55201E+04   0.91573E+17   0.98654E+00
   0.97261E-01   0.13966E+04   0.55201E+04   0.93031E+17   0.83039E+00
   0.10055E+00   0.14240E+04   0.55201E+04   0.94599E+17   0.70310E+00
   0.10391E+00   0.14528E+04   0.55201E+04   0.96293E+17   0.60531E+00
   0.10735E+00   0.14823E+04   0.55201E+04   0.98030E+17   0.53541E+00
   0.11087E+00   0.15123E+04   0.55201E+04   0.99827E+17   0.49059E+00
   0.11446E+00   0.15430E+04   0.55201E+04   0.10166E+18   0.46834E+00
   0.11813E+00   0.15744E+04   0.55201E+04   0.10357E+18   0.46676E+00
   0.12188E+00   0.16068E+04   0.55201E+04   0.10555E+18   0.48491E+00
   0.12571E+00   0.16405E+04   0.55201E+04   0.10763E+18   0.52275E+00
   0.12961E+00   0.16764E+04   0.55201E+04   0.10986E+18   0.58188E+00
   0.13360E+00   0.17150E+04   0.55201E+04   0.11231E+18   0.66557E+00
   0.13767E+00   0.17553E+04   0.55201E+04   0.11489E+18   0.77564E+00
   0.14183E+00   0.17966E+04   0.55201E+04   0.11758E+18   0.91043E+00
   0.14606E+00   0.18364E+04   0.55201E+04   0.12017E+18   0.10635E+01
   0.15038E+00   0.18746E+04   0.55201E+04   0.12265E+18   0.12246E+01
   0.15478E+00   0.19116E+04   0.55201E+04   0.12506E+18   0.13845E+01
   0.15927E+00   0.19480E+04   0.55201E+04   0.12742E+18   0.15361E+01
   0.16385E+00   0.19849E+04   0.55201E+04   0.12982E+18   0.16760E+01
   0.16851E+00   0.20233E+04   0.55201E+04   0.13233E+18   0.18039E+01
   0.17325E+00   0.20643E+04   0.55201E+04   0.13502E+18   0.19222E+01
   0.17809E+00   0.21101E+04   0.55201E+04   0.13807E+18   0.20366E+01
   0.18301E+00   0.21592E+04   0.55201E+04   0.14137E+18   0.21532E+01
   0.18803E+00   0.22096E+04   0.55201E+04   0.14479E+18   0.22733E+01
   0.19313E+00   0.22598E+04   0.55201E+04   0.14822E+18   0.23933E+01
   0.19832E+00   0.23082E+04   0.55201E+04   0.15155E+18   0.25054E+01
   0.20360E+00   0.23545E+04   0.55201E+04   0.15475E+18   0.25997E+01
   0.20898E+00   0.23987E+04   0.55201E+04   0.15780E+18   0.26675E+01
   0.21444E+00   0.24429E+04   0.55201E+04   0.16085E+18   0.27038E+01
   0.22000E+00   0.24891E+04   0.55201E+04   0.16405E+18   0.27110E+01
   0.22565E+00   0.25390E+04   0.55201E+04   0.16751E+18   0.26996E+01
   0.23140E+00   0.25946E+04   0.55201E+04   0.17140E+18   0.26883E+01
   0.23724E+00   0.26548E+04   0.55201E+04   0.17563E+18   0.26987E+01
   0.24317E+00   0.27179E+04   0.55201E+04   0.18010E+18   0.27484E+01
   0.24920E+00   0.27812E+04   0.55201E+04   0.18463E+18   0.28457E+01
   0.25532E+00   0.28411E+04   0.55201E+04   0.18894E+18   0.29887E+01
   0.26154E+00   0.28961E+04   0.55201E+04   0.19293E+18   0.31664E+01
   0.26786E+00   0.29476E+04   0.55201E+04   0.19667E+18   0.33647E+01
   0.27427E+00   0.29987E+04   0.55201E+04   0.20040E+18   0.35734E+01
   0.28078E+00   0.30521E+04   0.55201E+04   0.20429E+18   0.37888E+01
   0.28739E+00   0.31104E+04   0.55201E+04   0.20853E+18   0.40138E+01
   0.29409E+00   0.31741E+04   0.55201E+04   0.21318E+18   0.42559E+01
   0.30089E+00   0.32428E+04   0.55201E+04   0.21821E+18   0.45262E+01
   0.30779E+00   0.33140E+04   0.55201E+04   0.22344E+18   0.48327E+01
   0.31479E+00   0.33878E+04   0.55201E+04   0.22889E+18   0.51810E+01
   0.32189E+00   0.34684E+04   0.55201E+04   0.23484E+18   0.55768E+01
   0.32909E+00   0.35581E+04   0.55201E+04   0.24147E+18   0.60283E+01
   0.33639E+00   0.36555E+04   0.55201E+04   0.24868E+18   0.65431E+01
   0.34379E+00   0.37610E+04   0.55201E+04   0.25651E+18   0.71298E+01
   0.35129E+00   0.38697E+04   0.55201E+04   0.26464E+18   0.77947E+01
   0.35889E+00   0.39776E+04   0.55201E+04   0.27275E+18   0.85361E+01
   0.36659E+00   0.40857E+04   0.55201E+04   0.28091E+18   0.93495E+01
   0.37439E+00   0.41952E+04   0.55201E+04   0.28918E+18   0.10237E+02
   0.38229E+00   0.43061E+04   0.55201E+04   0.29756E+18   0.11214E+02
   0.39030E+00   0.44184E+04   0.55201E+04   0.30605E+18   0.12299E+02
   0.39840E+00   0.45322E+04   0.55201E+04   0.31464E+18   0.13478E+02
   0.40661E+00   0.46474E+04   0.55201E+04   0.32335E+18   0.14710E+02
   0.41493E+00   0.47640E+04   0.55201E+04   0.33216E+18   0.15970E+02
   0.42334E+00   0.48821E+04   0.55201E+04   0.34108E+18   0.17259E+02
   0.43186E+00   0.50016E+04   0.55201E+04   0.35011E+18   0.18582E+02
   0.44048E+00   0.51225E+04   0.55201E+04   0.35925E+18   0.19927E+02
   0.44920E+00   0.52449E+04   0.55201E+04   0.36850E+18   0.21318E+02
   0.45802E+00   0.53688E+04   0.55201E+04   0.37785E+18   0.22764E+02
   0.46695E+00   0.54941E+04   0.55201E+04   0.38732E+18   0.24145E+02
zone  t = "dict_keys(  allWalls ispan = 001 upper ts wave  4959.6hz"
   0.45338E-01   0.10336E+04   0.49596E+04   0.70714E+17   0.31968E-01
   0.47370E-01   0.10835E+04   0.49596E+04   0.74396E+17   0.13340E+00
   0.49457E-01   0.11311E+04   0.49596E+04   0.77925E+17   0.30262E+00
   0.51601E-01   0.11715E+04   0.49596E+04   0.80996E+17   0.52139E+00
   0.53800E-01   0.11978E+04   0.49596E+04   0.83000E+17   0.75829E+00
   0.56056E-01   0.12170E+04   0.49596E+04   0.84416E+17   0.98294E+00
   0.58370E-01   0.12309E+04   0.49596E+04   0.85423E+17   0.11787E+01
   0.60741E-01   0.12416E+04   0.49596E+04   0.86108E+17   0.13364E+01
   0.63171E-01   0.12541E+04   0.49596E+04   0.86892E+17   0.14557E+01
   0.65660E-01   0.12669E+04   0.49596E+04   0.87677E+17   0.15419E+01
   0.68209E-01   0.12757E+04   0.49596E+04   0.88141E+17   0.15941E+01
   0.70818E-01   0.12811E+04   0.49596E+04   0.88282E+17   0.16051E+01
   0.73490E-01   0.12858E+04   0.49596E+04   0.88329E+17   0.15694E+01
   0.76225E-01   0.12894E+04   0.49596E+04   0.88253E+17   0.14852E+01
   0.79025E-01   0.12939E+04   0.49596E+04   0.88176E+17   0.13533E+01
   0.81891E-01   0.13021E+04   0.49596E+04   0.88352E+17   0.11817E+01
   0.84825E-01   0.13134E+04   0.49596E+04   0.88740E+17   0.98355E+00
   0.87827E-01   0.13289E+04   0.49596E+04   0.89412E+17   0.77305E+00
   0.90900E-01   0.13482E+04   0.49596E+04   0.90382E+17   0.56477E+00
   0.94044E-01   0.13708E+04   0.49596E+04   0.91573E+17   0.37052E+00
   0.97261E-01   0.13966E+04   0.49596E+04   0.93031E+17   0.19930E+00
   0.10055E+00   0.14240E+04   0.49596E+04   0.94599E+17   0.56295E-01
   0.10391E+00   0.14528E+04   0.49596E+04   0.96293E+17   0.00000E+00
   0.10735E+00   0.14823E+04   0.49596E+04   0.98030E+17   0.00000E+00
   0.11087E+00   0.15123E+04   0.49596E+04   0.99827E+17   0.00000E+00
   0.11446E+00   0.15430E+04   0.49596E+04   0.10166E+18   0.00000E+00
   0.11813E+00   0.15744E+04   0.49596E+04   0.10357E+18   0.30200E-03
   0.12188E+00   0.16068E+04   0.49596E+04   0.10555E+18   0.12109E-01
   0.12571E+00   0.16405E+04   0.49596E+04   0.10763E+18   0.46928E-01
   0.12961E+00   0.16764E+04   0.49596E+04   0.10986E+18   0.10674E+00
   0.13360E+00   0.17150E+04   0.49596E+04   0.11231E+18   0.19522E+00
   0.13767E+00   0.17553E+04   0.49596E+04   0.11489E+18   0.31471E+00
   0.14183E+00   0.17966E+04   0.49596E+04   0.11758E+18   0.46428E+00
   0.14606E+00   0.18364E+04   0.49596E+04   0.12017E+18   0.63840E+00
   0.15038E+00   0.18746E+04   0.49596E+04   0.12265E+18   0.82800E+00
   0.15478E+00   0.19116E+04   0.49596E+04   0.12506E+18   0.10247E+01
   0.15927E+00   0.19480E+04   0.49596E+04   0.12742E+18   0.12226E+01
   0.16385E+00   0.19849E+04   0.49596E+04   0.12982E+18   0.14188E+01
   0.16851E+00   0.20233E+04   0.49596E+04   0.13233E+18   0.16138E+01
   0.17325E+00   0.20643E+04   0.49596E+04   0.13502E+18   0.18102E+01
   0.17809E+00   0.21101E+04   0.49596E+04   0.13807E+18   0.20140E+01
   0.18301E+00   0.21592E+04   0.49596E+04   0.14137E+18   0.22309E+01
   0.18803E+00   0.22096E+04   0.49596E+04   0.14479E+18   0.24619E+01
   0.19313E+00   0.22598E+04   0.49596E+04   0.14822E+18   0.27028E+01
   0.19832E+00   0.23082E+04   0.49596E+04   0.15155E+18   0.29455E+01
   0.20360E+00   0.23545E+04   0.49596E+04   0.15475E+18   0.31801E+01
   0.20898E+00   0.23987E+04   0.49596E+04   0.15780E+18   0.33974E+01
   0.21444E+00   0.24429E+04   0.49596E+04   0.16085E+18   0.35915E+01
   0.22000E+00   0.24891E+04   0.49596E+04   0.16405E+18   0.37621E+01
   0.22565E+00   0.25390E+04   0.49596E+04   0.16751E+18   0.39147E+01
   0.23140E+00   0.25946E+04   0.49596E+04   0.17140E+18   0.40615E+01
   0.23724E+00   0.26548E+04   0.49596E+04   0.17563E+18   0.42185E+01
   0.24317E+00   0.27179E+04   0.49596E+04   0.18010E+18   0.44000E+01
   0.24920E+00   0.27812E+04   0.49596E+04   0.18463E+18   0.46137E+01
   0.25532E+00   0.28411E+04   0.49596E+04   0.18894E+18   0.48597E+01
   0.26154E+00   0.28961E+04   0.49596E+04   0.19293E+18   0.51295E+01
   0.26786E+00   0.29476E+04   0.49596E+04   0.19667E+18   0.54118E+01
   0.27427E+00   0.29987E+04   0.49596E+04   0.20040E+18   0.56989E+01
   0.28078E+00   0.30521E+04   0.49596E+04   0.20429E+18   0.59897E+01
   0.28739E+00   0.31104E+04   0.49596E+04   0.20853E+18   0.62889E+01
   0.29409E+00   0.31741E+04   0.49596E+04   0.21318E+18   0.66056E+01
   0.30089E+00   0.32428E+04   0.49596E+04   0.21821E+18   0.69515E+01
   0.30779E+00   0.33140E+04   0.49596E+04   0.22344E+18   0.73348E+01
   0.31479E+00   0.33878E+04   0.49596E+04   0.22889E+18   0.77606E+01
   0.32189E+00   0.34684E+04   0.49596E+04   0.23484E+18   0.82347E+01
   0.32909E+00   0.35581E+04   0.49596E+04   0.24147E+18   0.87649E+01
   0.33639E+00   0.36555E+04   0.49596E+04   0.24868E+18   0.93591E+01
   0.34379E+00   0.37610E+04   0.49596E+04   0.25651E+18   0.10026E+02
   0.35129E+00   0.38697E+04   0.49596E+04   0.26464E+18   0.10770E+02
   0.35889E+00   0.39776E+04   0.49596E+04   0.27275E+18   0.11590E+02
   0.36659E+00   0.40857E+04   0.49596E+04   0.28091E+18   0.12480E+02
   0.37439E+00   0.41952E+04   0.49596E+04   0.28918E+18   0.13444E+02
   0.38229E+00   0.43061E+04   0.49596E+04   0.29756E+18   0.14495E+02
   0.39030E+00   0.44184E+04   0.49596E+04   0.30605E+18   0.15652E+02
   0.39840E+00   0.45322E+04   0.49596E+04   0.31464E+18   0.16900E+02
   0.40661E+00   0.46474E+04   0.49596E+04   0.32335E+18   0.18202E+02
   0.41493E+00   0.47640E+04   0.49596E+04   0.33216E+18   0.19532E+02
   0.42334E+00   0.48821E+04   0.49596E+04   0.34108E+18   0.20891E+02
   0.43186E+00   0.50016E+04   0.49596E+04   0.35011E+18   0.22285E+02
   0.44048E+00   0.51225E+04   0.49596E+04   0.35925E+18   0.23705E+02
   0.44920E+00   0.52449E+04   0.49596E+04   0.36850E+18   0.25172E+02
   0.45802E+00   0.53688E+04   0.49596E+04   0.37785E+18   0.26694E+02
   0.46695E+00   0.54941E+04   0.49596E+04   0.38732E+18   0.28160E+02
zone  t = "dict_keys(  allWalls ispan = 001 upper ts wave  4456.0hz"
   0.45338E-01   0.10336E+04   0.44560E+04   0.70714E+17   0.71735E-02
   0.47370E-01   0.10835E+04   0.44560E+04   0.74396E+17   0.57372E-01
   0.49457E-01   0.11311E+04   0.44560E+04   0.77925E+17   0.17405E+00
   0.51601E-01   0.11715E+04   0.44560E+04   0.80996E+17   0.34046E+00
   0.53800E-01   0.11978E+04   0.44560E+04   0.83000E+17   0.52674E+00
   0.56056E-01   0.12170E+04   0.44560E+04   0.84416E+17   0.70357E+00
   0.58370E-01   0.12309E+04   0.44560E+04   0.85423E+17   0.85479E+00
   0.60741E-01   0.12416E+04   0.44560E+04   0.86108E+17   0.97124E+00
   0.63171E-01   0.12541E+04   0.44560E+04   0.86892E+17   0.10524E+01
   0.65660E-01   0.12669E+04   0.44560E+04   0.87677E+17   0.11031E+01
   0.68209E-01   0.12757E+04   0.44560E+04   0.88141E+17   0.11224E+01
   0.70818E-01   0.12811E+04   0.44560E+04   0.88282E+17   0.11032E+01
   0.73490E-01   0.12858E+04   0.44560E+04   0.88329E+17   0.10403E+01
   0.76225E-01   0.12894E+04   0.44560E+04   0.88253E+17   0.93186E+00
   0.79025E-01   0.12939E+04   0.44560E+04   0.88176E+17   0.77825E+00
   0.81891E-01   0.13021E+04   0.44560E+04   0.88352E+17   0.58676E+00
   0.84825E-01   0.13134E+04   0.44560E+04   0.88740E+17   0.36948E+00
   0.87827E-01   0.13289E+04   0.44560E+04   0.89412E+17   0.13963E+00
   0.90900E-01   0.13482E+04   0.44560E+04   0.90382E+17   0.00000E+00
   0.94044E-01   0.13708E+04   0.44560E+04   0.91573E+17   0.00000E+00
   0.97261E-01   0.13966E+04   0.44560E+04   0.93031E+17   0.00000E+00
   0.10055E+00   0.14240E+04   0.44560E+04   0.94599E+17   0.00000E+00
   0.10391E+00   0.14528E+04   0.44560E+04   0.96293E+17   0.00000E+00
   0.10735E+00   0.14823E+04   0.44560E+04   0.98030E+17   0.00000E+00
   0.11087E+00   0.15123E+04   0.44560E+04   0.99827E+17   0.00000E+00
   0.11446E+00   0.15430E+04   0.44560E+04   0.10166E+18   0.00000E+00
   0.11813E+00   0.15744E+04   0.44560E+04   0.10357E+18   0.00000E+00
   0.12188E+00   0.16068E+04   0.44560E+04   0.10555E+18   0.15244E-02
   0.12571E+00   0.16405E+04   0.44560E+04   0.10763E+18   0.17260E-01
   0.12961E+00   0.16764E+04   0.44560E+04   0.10986E+18   0.60254E-01
   0.13360E+00   0.17150E+04   0.44560E+04   0.11231E+18   0.13446E+00
   0.13767E+00   0.17553E+04   0.44560E+04   0.11489E+18   0.24262E+00
   0.14183E+00   0.17966E+04   0.44560E+04   0.11758E+18   0.38437E+00
   0.14606E+00   0.18364E+04   0.44560E+04   0.12017E+18   0.55499E+00
   0.15038E+00   0.18746E+04   0.44560E+04   0.12265E+18   0.74623E+00
   0.15478E+00   0.19116E+04   0.44560E+04   0.12506E+18   0.95049E+00
   0.15927E+00   0.19480E+04   0.44560E+04   0.12742E+18   0.11624E+01
   0.16385E+00   0.19849E+04   0.44560E+04   0.12982E+18   0.13797E+01
   0.16851E+00   0.20233E+04   0.44560E+04   0.13233E+18   0.16030E+01
   0.17325E+00   0.20643E+04   0.44560E+04   0.13502E+18   0.18353E+01
   0.17809E+00   0.21101E+04   0.44560E+04   0.13807E+18   0.20826E+01
   0.18301E+00   0.21592E+04   0.44560E+04   0.14137E+18   0.23507E+01
   0.18803E+00   0.22096E+04   0.44560E+04   0.14479E+18   0.26407E+01
   0.19313E+00   0.22598E+04   0.44560E+04   0.14822E+18   0.29487E+01
   0.19832E+00   0.23082E+04   0.44560E+04   0.15155E+18   0.32671E+01
   0.20360E+00   0.23545E+04   0.44560E+04   0.15475E+18   0.35865E+01
   0.20898E+00   0.23987E+04   0.44560E+04   0.15780E+18   0.38984E+01
   0.21444E+00   0.24429E+04   0.44560E+04   0.16085E+18   0.41970E+01
   0.22000E+00   0.24891E+04   0.44560E+04   0.16405E+18   0.44817E+01
   0.22565E+00   0.25390E+04   0.44560E+04   0.16751E+18   0.47563E+01
   0.23140E+00   0.25946E+04   0.44560E+04   0.17140E+18   0.50292E+01
   0.23724E+00   0.26548E+04   0.44560E+04   0.17563E+18   0.53112E+01
   0.24317E+00   0.27179E+04   0.44560E+04   0.18010E+18   0.56114E+01
   0.24920E+00   0.27812E+04   0.44560E+04   0.18463E+18   0.59340E+01
   0.25532E+00   0.28411E+04   0.44560E+04   0.18894E+18   0.62779E+01
   0.26154E+00   0.28961E+04   0.44560E+04   0.19293E+18   0.66358E+01
   0.26786E+00   0.29476E+04   0.44560E+04   0.19667E+18   0.69980E+01
   0.27427E+00   0.29987E+04   0.44560E+04   0.20040E+18   0.73589E+01
   0.28078E+00   0.30521E+04   0.44560E+04   0.20429E+18   0.77189E+01
   0.28739E+00   0.31104E+04   0.44560E+04   0.20853E+18   0.80840E+01
   0.29409E+00   0.31741E+04   0.44560E+04   0.21318E+18   0.84646E+01
   0.30089E+00   0.32428E+04   0.44560E+04   0.21821E+18   0.88728E+01
   0.30779E+00   0.33140E+04   0.44560E+04   0.22344E+18   0.93170E+01
   0.31479E+00   0.33878E+04   0.44560E+04   0.22889E+18   0.98027E+01
   0.32189E+00   0.34684E+04   0.44560E+04   0.23484E+18   0.10335E+02
   0.32909E+00   0.35581E+04   0.44560E+04   0.24147E+18   0.10923E+02
   0.33639E+00   0.36555E+04   0.44560E+04   0.24868E+18   0.11575E+02
   0.34379E+00   0.37610E+04   0.44560E+04   0.25651E+18   0.12298E+02
   0.35129E+00   0.38697E+04   0.44560E+04   0.26464E+18   0.13097E+02
   0.35889E+00   0.39776E+04   0.44560E+04   0.27275E+18   0.13971E+02
   0.36659E+00   0.40857E+04   0.44560E+04   0.28091E+18   0.14913E+02
   0.37439E+00   0.41952E+04   0.44560E+04   0.28918E+18   0.15926E+02
   0.38229E+00   0.43061E+04   0.44560E+04   0.29756E+18   0.17026E+02
   0.39030E+00   0.44184E+04   0.44560E+04   0.30605E+18   0.18227E+02
   0.39840E+00   0.45322E+04   0.44560E+04   0.31464E+18   0.19518E+02
   0.40661E+00   0.46474E+04   0.44560E+04   0.32335E+18   0.20861E+02
   0.41493E+00   0.47640E+04   0.44560E+04   0.33216E+18   0.22232E+02
   0.42334E+00   0.48821E+04   0.44560E+04   0.34108E+18   0.23633E+02
   0.43186E+00   0.50016E+04   0.44560E+04   0.35011E+18   0.25069E+02
   0.44048E+00   0.51225E+04   0.44560E+04   0.35925E+18   0.26533E+02
   0.44920E+00   0.52449E+04   0.44560E+04   0.36850E+18   0.28044E+02
   0.45802E+00   0.53688E+04   0.44560E+04   0.37785E+18   0.29611E+02
   0.46695E+00   0.54941E+04   0.44560E+04   0.38732E+18   0.31128E+02
zone  t = "dict_keys(  allWalls ispan = 001 upper ts wave  4003.6hz"
   0.47370E-01   0.10835E+04   0.40036E+04   0.74396E+17   0.18090E-01
   0.49457E-01   0.11311E+04   0.40036E+04   0.77925E+17   0.83862E-01
   0.51601E-01   0.11715E+04   0.40036E+04   0.80996E+17   0.19861E+00
   0.53800E-01   0.11978E+04   0.40036E+04   0.83000E+17   0.33421E+00
   0.56056E-01   0.12170E+04   0.40036E+04   0.84416E+17   0.46261E+00
   0.58370E-01   0.12309E+04   0.40036E+04   0.85423E+17   0.56813E+00
   0.60741E-01   0.12416E+04   0.40036E+04   0.86108E+17   0.64180E+00
   0.63171E-01   0.12541E+04   0.40036E+04   0.86892E+17   0.68289E+00
   0.65660E-01   0.12669E+04   0.40036E+04   0.87677E+17   0.69572E+00
   0.68209E-01   0.12757E+04   0.40036E+04   0.88141E+17   0.67934E+00
   0.70818E-01   0.12811E+04   0.40036E+04   0.88282E+17   0.62696E+00
   0.73490E-01   0.12858E+04   0.40036E+04   0.88329E+17   0.53355E+00
   0.76225E-01   0.12894E+04   0.40036E+04   0.88253E+17   0.39727E+00
   0.79025E-01   0.12939E+04   0.40036E+04   0.88176E+17   0.21834E+00
   0.81891E-01   0.13021E+04   0.40036E+04   0.88352E+17   0.33175E-02
   0.84825E-01   0.13134E+04   0.40036E+04   0.88740E+17   0.00000E+00
   0.87827E-01   0.13289E+04   0.40036E+04   0.89412E+17   0.00000E+00
   0.90900E-01   0.13482E+04   0.40036E+04   0.90382E+17   0.00000E+00
   0.94044E-01   0.13708E+04   0.40036E+04   0.91573E+17   0.00000E+00
   0.97261E-01   0.13966E+04   0.40036E+04   0.93031E+17   0.00000E+00
   0.10055E+00   0.14240E+04   0.40036E+04   0.94599E+17   0.00000E+00
   0.10391E+00   0.14528E+04   0.40036E+04   0.96293E+17   0.00000E+00
   0.10735E+00   0.14823E+04   0.40036E+04   0.98030E+17   0.00000E+00
   0.11087E+00   0.15123E+04   0.40036E+04   0.99827E+17   0.00000E+00
   0.11446E+00   0.15430E+04   0.40036E+04   0.10166E+18   0.00000E+00
   0.11813E+00   0.15744E+04   0.40036E+04   0.10357E+18   0.00000E+00
   0.12188E+00   0.16068E+04   0.40036E+04   0.10555E+18   0.00000E+00
   0.12571E+00   0.16405E+04   0.40036E+04   0.10763E+18   0.00000E+00
   0.12961E+00   0.16764E+04   0.40036E+04   0.10986E+18   0.14711E-01
   0.13360E+00   0.17150E+04   0.40036E+04   0.11231E+18   0.61734E-01
   0.13767E+00   0.17553E+04   0.40036E+04   0.11489E+18   0.14437E+00
   0.14183E+00   0.17966E+04   0.40036E+04   0.11758E+18   0.26277E+00
   0.14606E+00   0.18364E+04   0.40036E+04   0.12017E+18   0.41286E+00
   0.15038E+00   0.18746E+04   0.40036E+04   0.12265E+18   0.58714E+00
   0.15478E+00   0.19116E+04   0.40036E+04   0.12506E+18   0.77863E+00
   0.15927E+00   0.19480E+04   0.40036E+04   0.12742E+18   0.98241E+00
   0.16385E+00   0.19849E+04   0.40036E+04   0.12982E+18   0.11965E+01
   0.16851E+00   0.20233E+04   0.40036E+04   0.13233E+18   0.14217E+01
   0.17325E+00   0.20643E+04   0.40036E+04   0.13502E+18   0.16612E+01
   0.17809E+00   0.21101E+04   0.40036E+04   0.13807E+18   0.19210E+01
   0.18301E+00   0.21592E+04   0.40036E+04   0.14137E+18   0.22073E+01
   0.18803E+00   0.22096E+04   0.40036E+04   0.14479E+18   0.25211E+01
   0.19313E+00   0.22598E+04   0.40036E+04   0.14822E+18   0.28593E+01
   0.19832E+00   0.23082E+04   0.40036E+04   0.15155E+18   0.32146E+01
   0.20360E+00   0.23545E+04   0.40036E+04   0.15475E+18   0.35785E+01
   0.20898E+00   0.23987E+04   0.40036E+04   0.15780E+18   0.39428E+01
   0.21444E+00   0.24429E+04   0.40036E+04   0.16085E+18   0.43025E+01
   0.22000E+00   0.24891E+04   0.40036E+04   0.16405E+18   0.46570E+01
   0.22565E+00   0.25390E+04   0.40036E+04   0.16751E+18   0.50094E+01
   0.23140E+00   0.25946E+04   0.40036E+04   0.17140E+18   0.53668E+01
   0.23724E+00   0.26548E+04   0.40036E+04   0.17563E+18   0.57372E+01
   0.24317E+00   0.27179E+04   0.40036E+04   0.18010E+18   0.61263E+01
   0.24920E+00   0.27812E+04   0.40036E+04   0.18463E+18   0.65355E+01
   0.25532E+00   0.28411E+04   0.40036E+04   0.18894E+18   0.69615E+01
   0.26154E+00   0.28961E+04   0.40036E+04   0.19293E+18   0.73965E+01
   0.26786E+00   0.29476E+04   0.40036E+04   0.19667E+18   0.78313E+01
   0.27427E+00   0.29987E+04   0.40036E+04   0.20040E+18   0.82609E+01
   0.28078E+00   0.30521E+04   0.40036E+04   0.20429E+18   0.86860E+01
   0.28739E+00   0.31104E+04   0.40036E+04   0.20853E+18   0.91130E+01
   0.29409E+00   0.31741E+04   0.40036E+04   0.21318E+18   0.95522E+01
   0.30089E+00   0.32428E+04   0.40036E+04   0.21821E+18   0.10015E+02
   0.30779E+00   0.33140E+04   0.40036E+04   0.22344E+18   0.10511E+02
   0.31479E+00   0.33878E+04   0.40036E+04   0.22889E+18   0.11045E+02
   0.32189E+00   0.34684E+04   0.40036E+04   0.23484E+18   0.11623E+02
   0.32909E+00   0.35581E+04   0.40036E+04   0.24147E+18   0.12253E+02
   0.33639E+00   0.36555E+04   0.40036E+04   0.24868E+18   0.12945E+02
   0.34379E+00   0.37610E+04   0.40036E+04   0.25651E+18   0.13707E+02
   0.35129E+00   0.38697E+04   0.40036E+04   0.26464E+18   0.14543E+02
   0.35889E+00   0.39776E+04   0.40036E+04   0.27275E+18   0.15450E+02
   0.36659E+00   0.40857E+04   0.40036E+04   0.28091E+18   0.16424E+02
   0.37439E+00   0.41952E+04   0.40036E+04   0.28918E+18   0.17467E+02
   0.38229E+00   0.43061E+04   0.40036E+04   0.29756E+18   0.18593E+02
   0.39030E+00   0.44184E+04   0.40036E+04   0.30605E+18   0.19818E+02
   0.39840E+00   0.45322E+04   0.40036E+04   0.31464E+18   0.21130E+02
   0.40661E+00   0.46474E+04   0.40036E+04   0.32335E+18   0.22493E+02
   0.41493E+00   0.47640E+04   0.40036E+04   0.33216E+18   0.23884E+02
   0.42334E+00   0.48821E+04   0.40036E+04   0.34108E+18   0.25304E+02
   0.43186E+00   0.50016E+04   0.40036E+04   0.35011E+18   0.26760E+02
   0.44048E+00   0.51225E+04   0.40036E+04   0.35925E+18   0.28243E+02
   0.44920E+00   0.52449E+04   0.40036E+04   0.36850E+18   0.29775E+02
   0.45802E+00   0.53688E+04   0.40036E+04   0.37785E+18   0.31362E+02
   0.46695E+00   0.54941E+04   0.40036E+04   0.38732E+18   0.32904E+02
zone  t = "dict_keys(  allWalls ispan = 001 upper ts wave  3597.1hz"
   0.49457E-01   0.11311E+04   0.35971E+04   0.77925E+17   0.22888E-01
   0.51601E-01   0.11715E+04   0.35971E+04   0.80996E+17   0.88004E-01
   0.53800E-01   0.11978E+04   0.35971E+04   0.83000E+17   0.17429E+00
   0.56056E-01   0.12170E+04   0.35971E+04   0.84416E+17   0.25514E+00
   0.58370E-01   0.12309E+04   0.35971E+04   0.85423E+17   0.31547E+00
   0.60741E-01   0.12416E+04   0.35971E+04   0.86108E+17   0.34657E+00
   0.63171E-01   0.12541E+04   0.35971E+04   0.86892E+17   0.34748E+00
   0.65660E-01   0.12669E+04   0.35971E+04   0.87677E+17   0.32208E+00
   0.68209E-01   0.12757E+04   0.35971E+04   0.88141E+17   0.26940E+00
   0.70818E-01   0.12811E+04   0.35971E+04   0.88282E+17   0.18304E+00
   0.73490E-01   0.12858E+04   0.35971E+04   0.88329E+17   0.58238E-01
   0.76225E-01   0.12894E+04   0.35971E+04   0.88253E+17   0.00000E+00
   0.79025E-01   0.12939E+04   0.35971E+04   0.88176E+17   0.00000E+00
   0.81891E-01   0.13021E+04   0.35971E+04   0.88352E+17   0.00000E+00
   0.84825E-01   0.13134E+04   0.35971E+04   0.88740E+17   0.00000E+00
   0.87827E-01   0.13289E+04   0.35971E+04   0.89412E+17   0.00000E+00
   0.90900E-01   0.13482E+04   0.35971E+04   0.90382E+17   0.00000E+00
   0.94044E-01   0.13708E+04   0.35971E+04   0.91573E+17   0.00000E+00
   0.97261E-01   0.13966E+04   0.35971E+04   0.93031E+17   0.00000E+00
   0.10055E+00   0.14240E+04   0.35971E+04   0.94599E+17   0.00000E+00
   0.10391E+00   0.14528E+04   0.35971E+04   0.96293E+17   0.00000E+00
   0.10735E+00   0.14823E+04   0.35971E+04   0.98030E+17   0.00000E+00
   0.11087E+00   0.15123E+04   0.35971E+04   0.99827E+17   0.00000E+00
   0.11446E+00   0.15430E+04   0.35971E+04   0.10166E+18   0.00000E+00
   0.11813E+00   0.15744E+04   0.35971E+04   0.10357E+18   0.00000E+00
   0.12188E+00   0.16068E+04   0.35971E+04   0.10555E+18   0.00000E+00
   0.12571E+00   0.16405E+04   0.35971E+04   0.10763E+18   0.00000E+00
   0.13360E+00   0.17150E+04   0.35971E+04   0.11231E+18   0.14541E-01
   0.13767E+00   0.17553E+04   0.35971E+04   0.11489E+18   0.62275E-01
   0.14183E+00   0.17966E+04   0.35971E+04   0.11758E+18   0.14684E+00
   0.14606E+00   0.18364E+04   0.35971E+04   0.12017E+18   0.26477E+00
   0.15038E+00   0.18746E+04   0.35971E+04   0.12265E+18   0.40923E+00
   0.15478E+00   0.19116E+04   0.35971E+04   0.12506E+18   0.57380E+00
   0.15927E+00   0.19480E+04   0.35971E+04   0.12742E+18   0.75392E+00
   0.16385E+00   0.19849E+04   0.35971E+04   0.12982E+18   0.94782E+00
   0.16851E+00   0.20233E+04   0.35971E+04   0.13233E+18   0.11565E+01
   0.17325E+00   0.20643E+04   0.35971E+04   0.13502E+18   0.13831E+01
   0.17809E+00   0.21101E+04   0.35971E+04   0.13807E+18   0.16339E+01
   0.18301E+00   0.21592E+04   0.35971E+04   0.14137E+18   0.19150E+01
   0.18803E+00   0.22096E+04   0.35971E+04   0.14479E+18   0.22279E+01
   0.19313E+00   0.22598E+04   0.35971E+04   0.14822E+18   0.25699E+01
   0.19832E+00   0.23082E+04   0.35971E+04   0.15155E+18   0.29344E+01
   0.20360E+00   0.23545E+04   0.35971E+04   0.15475E+18   0.33133E+01
   0.20898E+00   0.23987E+04   0.35971E+04   0.15780E+18   0.36990E+01
   0.21444E+00   0.24429E+04   0.35971E+04   0.16085E+18   0.40869E+01
   0.22000E+00   0.24891E+04   0.35971E+04   0.16405E+18   0.44766E+01
   0.22565E+00   0.25390E+04   0.35971E+04   0.16751E+18   0.48712E+01
   0.23140E+00   0.25946E+04   0.35971E+04   0.17140E+18   0.52770E+01
   0.23724E+00   0.26548E+04   0.35971E+04   0.17563E+18   0.57009E+01
   0.24317E+00   0.27179E+04   0.35971E+04   0.18010E+18   0.61468E+01
   0.24920E+00   0.27812E+04   0.35971E+04   0.18463E+18   0.66146E+01
   0.25532E+00   0.28411E+04   0.35971E+04   0.18894E+18   0.70995E+01
   0.26154E+00   0.28961E+04   0.35971E+04   0.19293E+18   0.75928E+01
   0.26786E+00   0.29476E+04   0.35971E+04   0.19667E+18   0.80856E+01
   0.27427E+00   0.29987E+04   0.35971E+04   0.20040E+18   0.85729E+01
   0.28078E+00   0.30521E+04   0.35971E+04   0.20429E+18   0.90550E+01
   0.28739E+00   0.31104E+04   0.35971E+04   0.20853E+18   0.95375E+01
   0.29409E+00   0.31741E+04   0.35971E+04   0.21318E+18   0.10030E+02
   0.30089E+00   0.32428E+04   0.35971E+04   0.21821E+18   0.10542E+02
   0.30779E+00   0.33140E+04   0.35971E+04   0.22344E+18   0.11083E+02
   0.31479E+00   0.33878E+04   0.35971E+04   0.22889E+18   0.11657E+02
   0.32189E+00   0.34684E+04   0.35971E+04   0.23484E+18   0.12271E+02
   0.32909E+00   0.35581E+04   0.35971E+04   0.24147E+18   0.12933E+02
   0.33639E+00   0.36555E+04   0.35971E+04   0.24868E+18   0.13654E+02
   0.34379E+00   0.37610E+04   0.35971E+04   0.25651E+18   0.14441E+02
   0.35129E+00   0.38697E+04   0.35971E+04   0.26464E+18   0.15298E+02
   0.35889E+00   0.39776E+04   0.35971E+04   0.27275E+18   0.16224E+02
   0.36659E+00   0.40857E+04   0.35971E+04   0.28091E+18   0.17215E+02
   0.37439E+00   0.41952E+04   0.35971E+04   0.28918E+18   0.18272E+02
   0.38229E+00   0.43061E+04   0.35971E+04   0.29756E+18   0.19409E+02
   0.39030E+00   0.44184E+04   0.35971E+04   0.30605E+18   0.20641E+02
   0.39840E+00   0.45322E+04   0.35971E+04   0.31464E+18   0.21958E+02
   0.40661E+00   0.46474E+04   0.35971E+04   0.32335E+18   0.23324E+02
   0.41493E+00   0.47640E+04   0.35971E+04   0.33216E+18   0.24717E+02
   0.42334E+00   0.48821E+04   0.35971E+04   0.34108E+18   0.26139E+02
   0.43186E+00   0.50016E+04   0.35971E+04   0.35011E+18   0.27597E+02
   0.44048E+00   0.51225E+04   0.35971E+04   0.35925E+18   0.29082E+02
   0.44920E+00   0.52449E+04   0.35971E+04   0.36850E+18   0.30616E+02
   0.45802E+00   0.53688E+04   0.35971E+04   0.37785E+18   0.32204E+02
   0.46695E+00   0.54941E+04   0.35971E+04   0.38732E+18   0.33752E+02
zone  t = "dict_keys(  allWalls ispan = 001 upper ts wave  3231.8hz"
   0.49457E-01   0.11311E+04   0.32318E+04   0.77925E+17   0.23022E-03
   0.51601E-01   0.11715E+04   0.32318E+04   0.80996E+17   0.18806E-01
   0.53800E-01   0.11978E+04   0.32318E+04   0.83000E+17   0.58323E-01
   0.56056E-01   0.12170E+04   0.32318E+04   0.84416E+17   0.93785E-01
   0.58370E-01   0.12309E+04   0.32318E+04   0.85423E+17   0.11080E+00
   0.60741E-01   0.12416E+04   0.32318E+04   0.86108E+17   0.10097E+00
   0.63171E-01   0.12541E+04   0.32318E+04   0.86892E+17   0.63161E-01
   0.65660E-01   0.12669E+04   0.32318E+04   0.87677E+17   0.79717E-03
   0.68209E-01   0.12757E+04   0.32318E+04   0.88141E+17   0.00000E+00
   0.70818E-01   0.12811E+04   0.32318E+04   0.88282E+17   0.00000E+00
   0.73490E-01   0.12858E+04   0.32318E+04   0.88329E+17   0.00000E+00
   0.76225E-01   0.12894E+04   0.32318E+04   0.88253E+17   0.00000E+00
   0.79025E-01   0.12939E+04   0.32318E+04   0.88176E+17   0.00000E+00
   0.81891E-01   0.13021E+04   0.32318E+04   0.88352E+17   0.00000E+00
   0.84825E-01   0.13134E+04   0.32318E+04   0.88740E+17   0.00000E+00
   0.87827E-01   0.13289E+04   0.32318E+04   0.89412E+17   0.00000E+00
   0.90900E-01   0.13482E+04   0.32318E+04   0.90382E+17   0.00000E+00
   0.94044E-01   0.13708E+04   0.32318E+04   0.91573E+17   0.00000E+00
   0.97261E-01   0.13966E+04   0.32318E+04   0.93031E+17   0.00000E+00
   0.10055E+00   0.14240E+04   0.32318E+04   0.94599E+17   0.00000E+00
   0.10391E+00   0.14528E+04   0.32318E+04   0.96293E+17   0.00000E+00
   0.10735E+00   0.14823E+04   0.32318E+04   0.98030E+17   0.00000E+00
   0.11087E+00   0.15123E+04   0.32318E+04   0.99827E+17   0.00000E+00
   0.11446E+00   0.15430E+04   0.32318E+04   0.10166E+18   0.00000E+00
   0.11813E+00   0.15744E+04   0.32318E+04   0.10357E+18   0.00000E+00
   0.12188E+00   0.16068E+04   0.32318E+04   0.10555E+18   0.00000E+00
   0.13767E+00   0.17553E+04   0.32318E+04   0.11489E+18   0.12785E-01
   0.14183E+00   0.17966E+04   0.32318E+04   0.11758E+18   0.56893E-01
   0.14606E+00   0.18364E+04   0.32318E+04   0.12017E+18   0.13509E+00
   0.15038E+00   0.18746E+04   0.32318E+04   0.12265E+18   0.24117E+00
   0.15478E+00   0.19116E+04   0.32318E+04   0.12506E+18   0.36924E+00
   0.15927E+00   0.19480E+04   0.32318E+04   0.12742E+18   0.51505E+00
   0.16385E+00   0.19849E+04   0.32318E+04   0.12982E+18   0.67702E+00
   0.16851E+00   0.20233E+04   0.32318E+04   0.13233E+18   0.85622E+00
   0.17325E+00   0.20643E+04   0.32318E+04   0.13502E+18   0.10559E+01
   0.17809E+00   0.21101E+04   0.32318E+04   0.13807E+18   0.12824E+01
   0.18301E+00   0.21592E+04   0.32318E+04   0.14137E+18   0.15418E+01
   0.18803E+00   0.22096E+04   0.32318E+04   0.14479E+18   0.18362E+01
   0.19313E+00   0.22598E+04   0.32318E+04   0.14822E+18   0.21630E+01
   0.19832E+00   0.23082E+04   0.32318E+04   0.15155E+18   0.25164E+01
   0.20360E+00   0.23545E+04   0.32318E+04   0.15475E+18   0.28887E+01
   0.20898E+00   0.23987E+04   0.32318E+04   0.15780E+18   0.32728E+01
   0.21444E+00   0.24429E+04   0.32318E+04   0.16085E+18   0.36645E+01
   0.22000E+00   0.24891E+04   0.32318E+04   0.16405E+18   0.40634E+01
   0.22565E+00   0.25390E+04   0.32318E+04   0.16751E+18   0.44729E+01
   0.23140E+00   0.25946E+04   0.32318E+04   0.17140E+18   0.48987E+01
   0.23724E+00   0.26548E+04   0.32318E+04   0.17563E+18   0.53474E+01
   0.24317E+00   0.27179E+04   0.32318E+04   0.18010E+18   0.58222E+01
   0.24920E+00   0.27812E+04   0.32318E+04   0.18463E+18   0.63221E+01
   0.25532E+00   0.28411E+04   0.32318E+04   0.18894E+18   0.68415E+01
   0.26154E+00   0.28961E+04   0.32318E+04   0.19293E+18   0.73716E+01
   0.26786E+00   0.29476E+04   0.32318E+04   0.19667E+18   0.79033E+01
   0.27427E+00   0.29987E+04   0.32318E+04   0.20040E+18   0.84316E+01
   0.28078E+00   0.30521E+04   0.32318E+04   0.20429E+18   0.89567E+01
   0.28739E+00   0.31104E+04   0.32318E+04   0.20853E+18   0.94831E+01
   0.29409E+00   0.31741E+04   0.32318E+04   0.21318E+18   0.10019E+02
   0.30089E+00   0.32428E+04   0.32318E+04   0.21821E+18   0.10572E+02
   0.30779E+00   0.33140E+04   0.32318E+04   0.22344E+18   0.11150E+02
   0.31479E+00   0.33878E+04   0.32318E+04   0.22889E+18   0.11758E+02
   0.32189E+00   0.34684E+04   0.32318E+04   0.23484E+18   0.12401E+02
   0.32909E+00   0.35581E+04   0.32318E+04   0.24147E+18   0.13088E+02
   0.33639E+00   0.36555E+04   0.32318E+04   0.24868E+18   0.13828E+02
   0.34379E+00   0.37610E+04   0.32318E+04   0.25651E+18   0.14630E+02
   0.35129E+00   0.38697E+04   0.32318E+04   0.26464E+18   0.15499E+02
   0.35889E+00   0.39776E+04   0.32318E+04   0.27275E+18   0.16432E+02
   0.36659E+00   0.40857E+04   0.32318E+04   0.28091E+18   0.17427E+02
   0.37439E+00   0.41952E+04   0.32318E+04   0.28918E+18   0.18485E+02
   0.38229E+00   0.43061E+04   0.32318E+04   0.29756E+18   0.19621E+02
   0.39030E+00   0.44184E+04   0.32318E+04   0.30605E+18   0.20849E+02
   0.39840E+00   0.45322E+04   0.32318E+04   0.31464E+18   0.22157E+02
   0.40661E+00   0.46474E+04   0.32318E+04   0.32335E+18   0.23513E+02
   0.41493E+00   0.47640E+04   0.32318E+04   0.33216E+18   0.24895E+02
   0.42334E+00   0.48821E+04   0.32318E+04   0.34108E+18   0.26306E+02
   0.43186E+00   0.50016E+04   0.32318E+04   0.35011E+18   0.27752E+02
   0.44048E+00   0.51225E+04   0.32318E+04   0.35925E+18   0.29226E+02
   0.44920E+00   0.52449E+04   0.32318E+04   0.36850E+18   0.30748E+02
   0.45802E+00   0.53688E+04   0.32318E+04   0.37785E+18   0.32323E+02
   0.46695E+00   0.54941E+04   0.32318E+04   0.38732E+18   0.33861E+02
zone  t = "dict_keys(  allWalls ispan = 001 upper ts wave  2903.7hz"
   0.14183E+00   0.17966E+04   0.29037E+04   0.11758E+18   0.91804E-02
   0.14606E+00   0.18364E+04   0.29037E+04   0.12017E+18   0.43278E-01
   0.15038E+00   0.18746E+04   0.29037E+04   0.12265E+18   0.10579E+00
   0.15478E+00   0.19116E+04   0.29037E+04   0.12506E+18   0.19130E+00
   0.15927E+00   0.19480E+04   0.29037E+04   0.12742E+18   0.29589E+00
   0.16385E+00   0.19849E+04   0.29037E+04   0.12982E+18   0.41815E+00
   0.16851E+00   0.20233E+04   0.29037E+04   0.13233E+18   0.55919E+00
   0.17325E+00   0.20643E+04   0.29037E+04   0.13502E+18   0.72232E+00
   0.17809E+00   0.21101E+04   0.29037E+04   0.13807E+18   0.91384E+00
   0.18301E+00   0.21592E+04   0.29037E+04   0.14137E+18   0.11400E+01
   0.18803E+00   0.22096E+04   0.29037E+04   0.14479E+18   0.14031E+01
   0.19313E+00   0.22598E+04   0.29037E+04   0.14822E+18   0.17011E+01
   0.19832E+00   0.23082E+04   0.29037E+04   0.15155E+18   0.20286E+01
   0.20360E+00   0.23545E+04   0.29037E+04   0.15475E+18   0.23785E+01
   0.20898E+00   0.23987E+04   0.29037E+04   0.15780E+18   0.27441E+01
   0.21444E+00   0.24429E+04   0.29037E+04   0.16085E+18   0.31213E+01
   0.22000E+00   0.24891E+04   0.29037E+04   0.16405E+18   0.35101E+01
   0.22565E+00   0.25390E+04   0.29037E+04   0.16751E+18   0.39137E+01
   0.23140E+00   0.25946E+04   0.29037E+04   0.17140E+18   0.43379E+01
   0.23724E+00   0.26548E+04   0.29037E+04   0.17563E+18   0.47891E+01
   0.24317E+00   0.27179E+04   0.29037E+04   0.18010E+18   0.52701E+01
   0.24920E+00   0.27812E+04   0.29037E+04   0.18463E+18   0.57796E+01
   0.25532E+00   0.28411E+04   0.29037E+04   0.18894E+18   0.63119E+01
   0.26154E+00   0.28961E+04   0.29037E+04   0.19293E+18   0.68580E+01
   0.26786E+00   0.29476E+04   0.29037E+04   0.19667E+18   0.74090E+01
   0.27427E+00   0.29987E+04   0.29037E+04   0.20040E+18   0.79600E+01
   0.28078E+00   0.30521E+04   0.29037E+04   0.20429E+18   0.85110E+01
   0.28739E+00   0.31104E+04   0.29037E+04   0.20853E+18   0.90659E+01
   0.29409E+00   0.31741E+04   0.29037E+04   0.21318E+18   0.96311E+01
   0.30089E+00   0.32428E+04   0.29037E+04   0.21821E+18   0.10214E+02
   0.30779E+00   0.33140E+04   0.29037E+04   0.22344E+18   0.10820E+02
   0.31479E+00   0.33878E+04   0.29037E+04   0.22889E+18   0.11453E+02
   0.32189E+00   0.34684E+04   0.29037E+04   0.23484E+18   0.12117E+02
   0.32909E+00   0.35581E+04   0.29037E+04   0.24147E+18   0.12821E+02
   0.33639E+00   0.36555E+04   0.29037E+04   0.24868E+18   0.13573E+02
   0.34379E+00   0.37610E+04   0.29037E+04   0.25651E+18   0.14383E+02
   0.35129E+00   0.38697E+04   0.29037E+04   0.26464E+18   0.15255E+02
   0.35889E+00   0.39776E+04   0.29037E+04   0.27275E+18   0.16187E+02
   0.36659E+00   0.40857E+04   0.29037E+04   0.28091E+18   0.17177E+02
   0.37439E+00   0.41952E+04   0.29037E+04   0.28918E+18   0.18228E+02
   0.38229E+00   0.43061E+04   0.29037E+04   0.29756E+18   0.19353E+02
   0.39030E+00   0.44184E+04   0.29037E+04   0.30605E+18   0.20565E+02
   0.39840E+00   0.45322E+04   0.29037E+04   0.31464E+18   0.21855E+02
   0.40661E+00   0.46474E+04   0.29037E+04   0.32335E+18   0.23192E+02
   0.41493E+00   0.47640E+04   0.29037E+04   0.33216E+18   0.24553E+02
   0.42334E+00   0.48821E+04   0.29037E+04   0.34108E+18   0.25942E+02
   0.43186E+00   0.50016E+04   0.29037E+04   0.35011E+18   0.27367E+02
   0.44048E+00   0.51225E+04   0.29037E+04   0.35925E+18   0.28819E+02
   0.44920E+00   0.52449E+04   0.29037E+04   0.36850E+18   0.30317E+02
   0.45802E+00   0.53688E+04   0.29037E+04   0.37785E+18   0.31869E+02
   0.46695E+00   0.54941E+04   0.29037E+04   0.38732E+18   0.33385E+02
zone  t = "dict_keys(  allWalls ispan = 001 upper ts wave  2608.8hz"
   0.14606E+00   0.18364E+04   0.26088E+04   0.12017E+18   0.19206E-02
   0.15038E+00   0.18746E+04   0.26088E+04   0.12265E+18   0.18406E-01
   0.15478E+00   0.19116E+04   0.26088E+04   0.12506E+18   0.58170E-01
   0.15927E+00   0.19480E+04   0.26088E+04   0.12742E+18   0.11762E+00
   0.16385E+00   0.19849E+04   0.26088E+04   0.12982E+18   0.19549E+00
   0.16851E+00   0.20233E+04   0.26088E+04   0.13233E+18   0.29296E+00
   0.17325E+00   0.20643E+04   0.26088E+04   0.13502E+18   0.41333E+00
   0.17809E+00   0.21101E+04   0.26088E+04   0.13807E+18   0.56288E+00
   0.18301E+00   0.21592E+04   0.26088E+04   0.14137E+18   0.74792E+00
   0.18803E+00   0.22096E+04   0.26088E+04   0.14479E+18   0.97089E+00
   0.19313E+00   0.22598E+04   0.26088E+04   0.14822E+18   0.12304E+01
   0.19832E+00   0.23082E+04   0.26088E+04   0.15155E+18   0.15216E+01
   0.20360E+00   0.23545E+04   0.26088E+04   0.15475E+18   0.18376E+01
   0.20898E+00   0.23987E+04   0.26088E+04   0.15780E+18   0.21721E+01
   0.21444E+00   0.24429E+04   0.26088E+04   0.16085E+18   0.25215E+01
   0.22000E+00   0.24891E+04   0.26088E+04   0.16405E+18   0.28857E+01
   0.22565E+00   0.25390E+04   0.26088E+04   0.16751E+18   0.32680E+01
   0.23140E+00   0.25946E+04   0.26088E+04   0.17140E+18   0.36743E+01
   0.23724E+00   0.26548E+04   0.26088E+04   0.17563E+18   0.41107E+01
   0.24317E+00   0.27179E+04   0.26088E+04   0.18010E+18   0.45802E+01
   0.24920E+00   0.27812E+04   0.26088E+04   0.18463E+18   0.50813E+01
   0.25532E+00   0.28411E+04   0.26088E+04   0.18894E+18   0.56084E+01
   0.26154E+00   0.28961E+04   0.26088E+04   0.19293E+18   0.61526E+01
   0.26786E+00   0.29476E+04   0.26088E+04   0.19667E+18   0.67053E+01
   0.27427E+00   0.29987E+04   0.26088E+04   0.20040E+18   0.72615E+01
   0.28078E+00   0.30521E+04   0.26088E+04   0.20429E+18   0.78213E+01
   0.28739E+00   0.31104E+04   0.26088E+04   0.20853E+18   0.83882E+01
   0.29409E+00   0.31741E+04   0.26088E+04   0.21318E+18   0.89678E+01
   0.30089E+00   0.32428E+04   0.26088E+04   0.21821E+18   0.95663E+01
   0.30779E+00   0.33140E+04   0.26088E+04   0.22344E+18   0.10188E+02
   0.31479E+00   0.33878E+04   0.26088E+04   0.22889E+18   0.10835E+02
   0.32189E+00   0.34684E+04   0.26088E+04   0.23484E+18   0.11511E+02
   0.32909E+00   0.35581E+04   0.26088E+04   0.24147E+18   0.12225E+02
   0.33639E+00   0.36555E+04   0.26088E+04   0.24868E+18   0.12983E+02
   0.34379E+00   0.37610E+04   0.26088E+04   0.25651E+18   0.13794E+02
   0.35129E+00   0.38697E+04   0.26088E+04   0.26464E+18   0.14662E+02
   0.35889E+00   0.39776E+04   0.26088E+04   0.27275E+18   0.15587E+02
   0.36659E+00   0.40857E+04   0.26088E+04   0.28091E+18   0.16565E+02
   0.37439E+00   0.41952E+04   0.26088E+04   0.28918E+18   0.17601E+02
   0.38229E+00   0.43061E+04   0.26088E+04   0.29756E+18   0.18707E+02
   0.39030E+00   0.44184E+04   0.26088E+04   0.30605E+18   0.19897E+02
   0.39840E+00   0.45322E+04   0.26088E+04   0.31464E+18   0.21162E+02
   0.40661E+00   0.46474E+04   0.26088E+04   0.32335E+18   0.22471E+02
   0.41493E+00   0.47640E+04   0.26088E+04   0.33216E+18   0.23804E+02
   0.42334E+00   0.48821E+04   0.26088E+04   0.34108E+18   0.25164E+02
   0.43186E+00   0.50016E+04   0.26088E+04   0.35011E+18   0.26558E+02
   0.44048E+00   0.51225E+04   0.26088E+04   0.35925E+18   0.27981E+02
   0.44920E+00   0.52449E+04   0.26088E+04   0.36850E+18   0.29448E+02
   0.45802E+00   0.53688E+04   0.26088E+04   0.37785E+18   0.30967E+02
   0.46695E+00   0.54941E+04   0.26089E+04   0.38732E+18   0.32454E+02
zone  t = "dict_keys(  allWalls ispan = 001 upper ts wave  2343.9hz"
   0.15478E+00   0.19116E+04   0.23439E+04   0.12506E+18   0.18603E-02
   0.15927E+00   0.19480E+04   0.23439E+04   0.12742E+18   0.14720E-01
   0.16385E+00   0.19849E+04   0.23439E+04   0.12982E+18   0.46123E-01
   0.16851E+00   0.20233E+04   0.23439E+04   0.13233E+18   0.97280E-01
   0.17325E+00   0.20643E+04   0.23439E+04   0.13502E+18   0.17148E+00
   0.17809E+00   0.21101E+04   0.23439E+04   0.13807E+18   0.27491E+00
   0.18301E+00   0.21592E+04   0.23439E+04   0.14137E+18   0.41389E+00
   0.18803E+00   0.22096E+04   0.23439E+04   0.14479E+18   0.59112E+00
   0.19313E+00   0.22598E+04   0.23439E+04   0.14822E+18   0.80568E+00
   0.19832E+00   0.23082E+04   0.23439E+04   0.15155E+18   0.10532E+01
   0.20360E+00   0.23545E+04   0.23439E+04   0.15475E+18   0.13272E+01
   0.20898E+00   0.23987E+04   0.23439E+04   0.15780E+18   0.16219E+01
   0.21444E+00   0.24429E+04   0.23439E+04   0.16085E+18   0.19337E+01
   0.22000E+00   0.24891E+04   0.23439E+04   0.16405E+18   0.22628E+01
   0.22565E+00   0.25390E+04   0.23439E+04   0.16751E+18   0.26125E+01
   0.23140E+00   0.25946E+04   0.23439E+04   0.17140E+18   0.29885E+01
   0.23724E+00   0.26548E+04   0.23439E+04   0.17563E+18   0.33972E+01
   0.24317E+00   0.27179E+04   0.23439E+04   0.18010E+18   0.38416E+01
   0.24920E+00   0.27812E+04   0.23439E+04   0.18463E+18   0.43203E+01
   0.25532E+00   0.28411E+04   0.23439E+04   0.18894E+18   0.48277E+01
   0.26154E+00   0.28961E+04   0.23439E+04   0.19293E+18   0.53553E+01
   0.26786E+00   0.29476E+04   0.23439E+04   0.19667E+18   0.58946E+01
   0.27427E+00   0.29987E+04   0.23439E+04   0.20040E+18   0.64410E+01
   0.28078E+00   0.30521E+04   0.23439E+04   0.20429E+18   0.69942E+01
   0.28739E+00   0.31104E+04   0.23439E+04   0.20853E+18   0.75578E+01
   0.29409E+00   0.31741E+04   0.23439E+04   0.21318E+18   0.81369E+01
   0.30089E+00   0.32428E+04   0.23439E+04   0.21821E+18   0.87369E+01
   0.30779E+00   0.33140E+04   0.23439E+04   0.22344E+18   0.93610E+01
   0.31479E+00   0.33878E+04   0.23439E+04   0.22889E+18   0.10011E+02
   0.32189E+00   0.34684E+04   0.23439E+04   0.23484E+18   0.10690E+02
   0.32909E+00   0.35581E+04   0.23439E+04   0.24147E+18   0.11403E+02
   0.33639E+00   0.36555E+04   0.23439E+04   0.24868E+18   0.12160E+02
   0.34379E+00   0.37610E+04   0.23439E+04   0.25651E+18   0.12965E+02
   0.35129E+00   0.38697E+04   0.23439E+04   0.26464E+18   0.13824E+02
   0.35889E+00   0.39776E+04   0.23439E+04   0.27275E+18   0.14735E+02
   0.36659E+00   0.40857E+04   0.23439E+04   0.28091E+18   0.15697E+02
   0.37439E+00   0.41952E+04   0.23439E+04   0.28918E+18   0.16712E+02
   0.38229E+00   0.43061E+04   0.23439E+04   0.29756E+18   0.17795E+02
   0.39030E+00   0.44184E+04   0.23439E+04   0.30605E+18   0.18957E+02
   0.39840E+00   0.45322E+04   0.23439E+04   0.31464E+18   0.20191E+02
   0.40661E+00   0.46474E+04   0.23439E+04   0.32335E+18   0.21466E+02
   0.41493E+00   0.47640E+04   0.23439E+04   0.33216E+18   0.22765E+02
   0.42334E+00   0.48821E+04   0.23439E+04   0.34108E+18   0.24091E+02
   0.43186E+00   0.50016E+04   0.23439E+04   0.35011E+18   0.25449E+02
   0.44048E+00   0.51225E+04   0.23439E+04   0.35925E+18   0.26835E+02
   0.44920E+00   0.52449E+04   0.23439E+04   0.36850E+18   0.28265E+02
   0.45802E+00   0.53688E+04   0.23439E+04   0.37785E+18   0.29746E+02
   0.46695E+00   0.54941E+04   0.23440E+04   0.38732E+18   0.31197E+02
zone  t = "dict_keys(  allWalls ispan = 001 upper ts wave  2106.0hz"
   0.16851E+00   0.20233E+04   0.21060E+04   0.13233E+18   0.72558E-02
   0.17325E+00   0.20643E+04   0.21060E+04   0.13502E+18   0.34200E-01
   0.17809E+00   0.21101E+04   0.21060E+04   0.13807E+18   0.89781E-01
   0.18301E+00   0.21592E+04   0.21060E+04   0.14137E+18   0.18028E+00
   0.18803E+00   0.22096E+04   0.21060E+04   0.14479E+18   0.30863E+00
   0.19313E+00   0.22598E+04   0.21060E+04   0.14822E+18   0.47436E+00
   0.19832E+00   0.23082E+04   0.21060E+04   0.15155E+18   0.67360E+00
   0.20360E+00   0.23545E+04   0.21060E+04   0.15475E+18   0.90043E+00
   0.20898E+00   0.23987E+04   0.21060E+04   0.15780E+18   0.11493E+01
   0.21444E+00   0.24429E+04   0.21060E+04   0.16085E+18   0.14168E+01
   0.22000E+00   0.24891E+04   0.21060E+04   0.16405E+18   0.17034E+01
   0.22565E+00   0.25390E+04   0.21060E+04   0.16751E+18   0.20122E+01
   0.23140E+00   0.25946E+04   0.21060E+04   0.17140E+18   0.23492E+01
   0.23724E+00   0.26548E+04   0.21060E+04   0.17563E+18   0.27205E+01
   0.24317E+00   0.27179E+04   0.21060E+04   0.18010E+18   0.31295E+01
   0.24920E+00   0.27812E+04   0.21060E+04   0.18463E+18   0.35749E+01
   0.25532E+00   0.28411E+04   0.21060E+04   0.18894E+18   0.40514E+01
   0.26154E+00   0.28961E+04   0.21060E+04   0.19293E+18   0.45507E+01
   0.26786E+00   0.29476E+04   0.21060E+04   0.19667E+18   0.50645E+01
   0.27427E+00   0.29987E+04   0.21060E+04   0.20040E+18   0.55884E+01
   0.28078E+00   0.30521E+04   0.21060E+04   0.20429E+18   0.61223E+01
   0.28739E+00   0.31104E+04   0.21060E+04   0.20853E+18   0.66695E+01
   0.29409E+00   0.31741E+04   0.21060E+04   0.21318E+18   0.72349E+01
   0.30089E+00   0.32428E+04   0.21060E+04   0.21821E+18   0.78232E+01
   0.30779E+00   0.33140E+04   0.21060E+04   0.22344E+18   0.84375E+01
   0.31479E+00   0.33878E+04   0.21060E+04   0.22889E+18   0.90786E+01
   0.32189E+00   0.34684E+04   0.21060E+04   0.23484E+18   0.97491E+01
   0.32909E+00   0.35581E+04   0.21060E+04   0.24147E+18   0.10454E+02
   0.33639E+00   0.36555E+04   0.21060E+04   0.24868E+18   0.11201E+02
   0.34379E+00   0.37610E+04   0.21060E+04   0.25651E+18   0.11994E+02
   0.35129E+00   0.38697E+04   0.21060E+04   0.26464E+18   0.12838E+02
   0.35889E+00   0.39776E+04   0.21060E+04   0.27275E+18   0.13731E+02
   0.36659E+00   0.40857E+04   0.21060E+04   0.28091E+18   0.14671E+02
   0.37439E+00   0.41952E+04   0.21060E+04   0.28918E+18   0.15662E+02
   0.38229E+00   0.43061E+04   0.21060E+04   0.29756E+18   0.16716E+02
   0.39030E+00   0.44184E+04   0.21060E+04   0.30605E+18   0.17847E+02
   0.39840E+00   0.45322E+04   0.21060E+04   0.31464E+18   0.19045E+02
   0.40661E+00   0.46474E+04   0.21060E+04   0.32335E+18   0.20283E+02
   0.41493E+00   0.47640E+04   0.21060E+04   0.33216E+18   0.21543E+02
   0.42334E+00   0.48821E+04   0.21060E+04   0.34108E+18   0.22830E+02
   0.43186E+00   0.50016E+04   0.21060E+04   0.35011E+18   0.24148E+02
   0.44048E+00   0.51225E+04   0.21060E+04   0.35925E+18   0.25494E+02
   0.44920E+00   0.52449E+04   0.21060E+04   0.36850E+18   0.26882E+02
   0.45802E+00   0.53688E+04   0.21060E+04   0.37785E+18   0.28320E+02
   0.46695E+00   0.54941E+04   0.21060E+04   0.38732E+18   0.29729E+02
zone  t = "dict_keys(  allWalls ispan = 001 upper ts wave  1892.1hz"
   0.17809E+00   0.21101E+04   0.18921E+04   0.13807E+18   0.11789E-01
   0.18301E+00   0.21592E+04   0.18921E+04   0.14137E+18   0.53464E-01
   0.18803E+00   0.22096E+04   0.18921E+04   0.14479E+18   0.13194E+00
   0.19313E+00   0.22598E+04   0.18921E+04   0.14822E+18   0.24719E+00
   0.19832E+00   0.23082E+04   0.18921E+04   0.15155E+18   0.39584E+00
   0.20360E+00   0.23545E+04   0.18921E+04   0.15475E+18   0.57247E+00
   0.20898E+00   0.23987E+04   0.18921E+04   0.15780E+18   0.77186E+00
   0.21444E+00   0.24429E+04   0.18921E+04   0.16085E+18   0.99093E+00
   0.22000E+00   0.24891E+04   0.18921E+04   0.16405E+18   0.12301E+01
   0.22565E+00   0.25390E+04   0.18921E+04   0.16751E+18   0.14926E+01
   0.23140E+00   0.25946E+04   0.18921E+04   0.17140E+18   0.17843E+01
   0.23724E+00   0.26548E+04   0.18921E+04   0.17563E+18   0.21115E+01
   0.24317E+00   0.27179E+04   0.18921E+04   0.18010E+18   0.24775E+01
   0.24920E+00   0.27812E+04   0.18921E+04   0.18463E+18   0.28816E+01
   0.25532E+00   0.28411E+04   0.18921E+04   0.18894E+18   0.33186E+01
   0.26154E+00   0.28961E+04   0.18921E+04   0.19293E+18   0.37805E+01
   0.26786E+00   0.29476E+04   0.18921E+04   0.19667E+18   0.42594E+01
   0.27427E+00   0.29987E+04   0.18921E+04   0.20040E+18   0.47509E+01
   0.28078E+00   0.30521E+04   0.18921E+04   0.20429E+18   0.52550E+01
   0.28739E+00   0.31104E+04   0.18921E+04   0.20853E+18   0.57749E+01
   0.29409E+00   0.31741E+04   0.18921E+04   0.21318E+18   0.63154E+01
   0.30089E+00   0.32428E+04   0.18921E+04   0.21821E+18   0.68811E+01
   0.30779E+00   0.33140E+04   0.18921E+04   0.22344E+18   0.74745E+01
   0.31479E+00   0.33878E+04   0.18921E+04   0.22889E+18   0.80963E+01
   0.32189E+00   0.34684E+04   0.18921E+04   0.23484E+18   0.87486E+01
   0.32909E+00   0.35581E+04   0.18921E+04   0.24147E+18   0.94362E+01
   0.33639E+00   0.36555E+04   0.18921E+04   0.24868E+18   0.10165E+02
   0.34379E+00   0.37610E+04   0.18921E+04   0.25651E+18   0.10939E+02
   0.35129E+00   0.38697E+04   0.18921E+04   0.26464E+18   0.11762E+02
   0.35889E+00   0.39776E+04   0.18921E+04   0.27275E+18   0.12632E+02
   0.36659E+00   0.40857E+04   0.18921E+04   0.28091E+18   0.13546E+02
   0.37439E+00   0.41952E+04   0.18921E+04   0.28918E+18   0.14508E+02
   0.38229E+00   0.43061E+04   0.18921E+04   0.29756E+18   0.15531E+02
   0.39030E+00   0.44184E+04   0.18921E+04   0.30605E+18   0.16627E+02
   0.39840E+00   0.45322E+04   0.18921E+04   0.31464E+18   0.17787E+02
   0.40661E+00   0.46474E+04   0.18921E+04   0.32335E+18   0.18984E+02
   0.41493E+00   0.47640E+04   0.18921E+04   0.33216E+18   0.20203E+02
   0.42334E+00   0.48821E+04   0.18921E+04   0.34108E+18   0.21447E+02
   0.43186E+00   0.50016E+04   0.18921E+04   0.35011E+18   0.22722E+02
   0.44048E+00   0.51225E+04   0.18921E+04   0.35925E+18   0.24024E+02
   0.44920E+00   0.52449E+04   0.18921E+04   0.36850E+18   0.25367E+02
   0.45802E+00   0.53688E+04   0.18921E+04   0.37785E+18   0.26758E+02
   0.46695E+00   0.54941E+04   0.18921E+04   0.38732E+18   0.28123E+02
zone  t = "dict_keys(  allWalls ispan = 001 upper ts wave  1700.0hz"
   0.18301E+00   0.21592E+04   0.17000E+04   0.14137E+18   0.57370E-02
   0.18803E+00   0.22096E+04   0.17000E+04   0.14479E+18   0.35176E-01
   0.19313E+00   0.22598E+04   0.17000E+04   0.14822E+18   0.10017E+00
   0.19832E+00   0.23082E+04   0.17000E+04   0.15155E+18   0.19784E+00
   0.20360E+00   0.23545E+04   0.17000E+04   0.15475E+18   0.32327E+00
   0.20898E+00   0.23987E+04   0.17000E+04   0.15780E+18   0.47164E+00
   0.21444E+00   0.24429E+04   0.17000E+04   0.16085E+18   0.64012E+00
   0.22000E+00   0.24891E+04   0.17000E+04   0.16405E+18   0.82918E+00
   0.22565E+00   0.25390E+04   0.17000E+04   0.16751E+18   0.10421E+01
   0.23140E+00   0.25946E+04   0.17000E+04   0.17140E+18   0.12846E+01
   0.23724E+00   0.26548E+04   0.17000E+04   0.17563E+18   0.15631E+01
   0.24317E+00   0.27179E+04   0.17000E+04   0.18010E+18   0.18812E+01
   0.24920E+00   0.27812E+04   0.17000E+04   0.18463E+18   0.22382E+01
   0.25532E+00   0.28411E+04   0.17000E+04   0.18894E+18   0.26295E+01
   0.26154E+00   0.28961E+04   0.17000E+04   0.19293E+18   0.30473E+01
   0.26786E+00   0.29476E+04   0.17000E+04   0.19667E+18   0.34839E+01
   0.27427E+00   0.29987E+04   0.17000E+04   0.20040E+18   0.39353E+01
   0.28078E+00   0.30521E+04   0.17000E+04   0.20429E+18   0.44015E+01
   0.28739E+00   0.31104E+04   0.17000E+04   0.20853E+18   0.48855E+01
   0.29409E+00   0.31741E+04   0.17000E+04   0.21318E+18   0.53922E+01
   0.30089E+00   0.32428E+04   0.17000E+04   0.21821E+18   0.59259E+01
   0.30779E+00   0.33140E+04   0.17000E+04   0.22344E+18   0.64891E+01
   0.31479E+00   0.33878E+04   0.17000E+04   0.22889E+18   0.70824E+01
   0.32189E+00   0.34684E+04   0.17000E+04   0.23484E+18   0.77075E+01
   0.32909E+00   0.35581E+04   0.17000E+04   0.24147E+18   0.83691E+01
   0.33639E+00   0.36555E+04   0.17000E+04   0.24868E+18   0.90721E+01
   0.34379E+00   0.37610E+04   0.17000E+04   0.25651E+18   0.98208E+01
   0.35129E+00   0.38697E+04   0.17000E+04   0.26464E+18   0.10617E+02
   0.35889E+00   0.39776E+04   0.17000E+04   0.27275E+18   0.11459E+02
   0.36659E+00   0.40857E+04   0.17000E+04   0.28091E+18   0.12343E+02
   0.37439E+00   0.41952E+04   0.17000E+04   0.28918E+18   0.13274E+02
   0.38229E+00   0.43061E+04   0.17000E+04   0.29756E+18   0.14262E+02
   0.39030E+00   0.44184E+04   0.17000E+04   0.30605E+18   0.15319E+02
   0.39840E+00   0.45322E+04   0.17000E+04   0.31464E+18   0.16438E+02
   0.40661E+00   0.46474E+04   0.17000E+04   0.32335E+18   0.17593E+02
   0.41493E+00   0.47640E+04   0.17000E+04   0.33216E+18   0.18768E+02
   0.42334E+00   0.48821E+04   0.17000E+04   0.34108E+18   0.19968E+02
   0.43186E+00   0.50016E+04   0.17000E+04   0.35011E+18   0.21198E+02
   0.44048E+00   0.51225E+04   0.17000E+04   0.35925E+18   0.22453E+02
   0.44920E+00   0.52449E+04   0.17000E+04   0.36850E+18   0.23749E+02
   0.45802E+00   0.53688E+04   0.17000E+04   0.37785E+18   0.25092E+02
   0.46695E+00   0.54941E+04   0.17000E+04   0.38732E+18   0.26409E+02
zone t = "dict_keys(  allWalls ispan = 001 upper ts wave enveloped curve"
   0.34334E-01   0.75646E+03   0.13000E+05   0.51240E+17   0.00000E+00
   0.36026E-01   0.79828E+03   0.13000E+05   0.54081E+17   0.13423E+00
   0.37775E-01   0.84055E+03   0.13000E+05   0.56973E+17   0.19217E+00
   0.39581E-01   0.88478E+03   0.13000E+05   0.60051E+17   0.32048E+00
   0.41443E-01   0.93110E+03   0.13000E+05   0.63317E+17   0.51179E+00
   0.43362E-01   0.98113E+03   0.13000E+05   0.66895E+17   0.76085E+00
   0.45338E-01   0.10336E+04   0.13000E+05   0.70714E+17   0.10615E+01
   0.47370E-01   0.10835E+04   0.11680E+05   0.74396E+17   0.14181E+01
   0.49457E-01   0.11311E+04   0.11680E+05   0.77925E+17   0.18140E+01
   0.51601E-01   0.11715E+04   0.11680E+05   0.80996E+17   0.22072E+01
   0.53800E-01   0.11978E+04   0.11680E+05   0.83000E+17   0.25588E+01
   0.56056E-01   0.12170E+04   0.10494E+05   0.84416E+17   0.28884E+01
   0.58370E-01   0.12309E+04   0.10494E+05   0.85423E+17   0.31373E+01
   0.60741E-01   0.12416E+04   0.10494E+05   0.86108E+17   0.32829E+01
   0.63171E-01   0.12541E+04   0.94286E+04   0.86892E+17   0.33849E+01
   0.65660E-01   0.12669E+04   0.94285E+04   0.87677E+17   0.34332E+01
   0.68209E-01   0.12757E+04   0.84712E+04   0.88141E+17   0.34493E+01
   0.70818E-01   0.12811E+04   0.84712E+04   0.88282E+17   0.34278E+01
   0.73490E-01   0.12858E+04   0.84712E+04   0.88329E+17   0.33276E+01
   0.76225E-01   0.12894E+04   0.84712E+04   0.88253E+17   0.31478E+01
   0.79025E-01   0.12939E+04   0.76111E+04   0.88176E+17   0.29600E+01
   0.81891E-01   0.13021E+04   0.76110E+04   0.88352E+17   0.27387E+01
   0.84825E-01   0.13134E+04   0.76110E+04   0.88740E+17   0.24855E+01
   0.87827E-01   0.13289E+04   0.76111E+04   0.89412E+17   0.22201E+01
   0.90900E-01   0.13482E+04   0.68382E+04   0.90382E+17   0.19637E+01
   0.94044E-01   0.13708E+04   0.68383E+04   0.91573E+17   0.17667E+01
   0.97261E-01   0.13966E+04   0.68383E+04   0.93031E+17   0.15943E+01
   0.10055E+00   0.14240E+04   0.68383E+04   0.94599E+17   0.14498E+01
   0.10391E+00   0.14528E+04   0.68383E+04   0.96293E+17   0.13318E+01
   0.10735E+00   0.14823E+04   0.68383E+04   0.98030E+17   0.12365E+01
   0.11087E+00   0.15123E+04   0.68383E+04   0.99827E+17   0.11593E+01
   0.11446E+00   0.15430E+04   0.68383E+04   0.10166E+18   0.10959E+01
   0.11813E+00   0.15744E+04   0.68383E+04   0.10357E+18   0.10427E+01
   0.12188E+00   0.16068E+04   0.68383E+04   0.10555E+18   0.99753E+00
   0.12571E+00   0.16405E+04   0.68383E+04   0.10763E+18   0.95874E+00
   0.12961E+00   0.16764E+04   0.61439E+04   0.10986E+18   0.99063E+00
   0.13360E+00   0.17150E+04   0.61439E+04   0.11231E+18   0.10416E+01
   0.13767E+00   0.17553E+04   0.61439E+04   0.11489E+18   0.11118E+01
   0.14183E+00   0.17966E+04   0.61439E+04   0.11758E+18   0.11987E+01
   0.14606E+00   0.18364E+04   0.61439E+04   0.12017E+18   0.12946E+01
   0.15038E+00   0.18746E+04   0.61439E+04   0.12265E+18   0.13877E+01
   0.15478E+00   0.19116E+04   0.61439E+04   0.12506E+18   0.14670E+01
   0.15927E+00   0.19480E+04   0.55201E+04   0.12742E+18   0.15361E+01
   0.16385E+00   0.19849E+04   0.55201E+04   0.12982E+18   0.16760E+01
   0.16851E+00   0.20233E+04   0.55201E+04   0.13233E+18   0.18039E+01
   0.17325E+00   0.20643E+04   0.55201E+04   0.13502E+18   0.19222E+01
   0.17809E+00   0.21101E+04   0.44560E+04   0.13807E+18   0.20826E+01
   0.18301E+00   0.21592E+04   0.44560E+04   0.14137E+18   0.23507E+01
   0.18803E+00   0.22096E+04   0.44560E+04   0.14479E+18   0.26407E+01
   0.19313E+00   0.22598E+04   0.44560E+04   0.14822E+18   0.29487E+01
   0.19832E+00   0.23082E+04   0.44560E+04   0.15155E+18   0.32671E+01
   0.20360E+00   0.23545E+04   0.44560E+04   0.15475E+18   0.35865E+01
   0.20898E+00   0.23987E+04   0.40036E+04   0.15780E+18   0.39428E+01
   0.21444E+00   0.24429E+04   0.40036E+04   0.16085E+18   0.43025E+01
   0.22000E+00   0.24891E+04   0.40036E+04   0.16405E+18   0.46570E+01
   0.22565E+00   0.25390E+04   0.40036E+04   0.16751E+18   0.50094E+01
   0.23140E+00   0.25946E+04   0.40036E+04   0.17140E+18   0.53668E+01
   0.23724E+00   0.26548E+04   0.40036E+04   0.17563E+18   0.57372E+01
   0.24317E+00   0.27179E+04   0.35971E+04   0.18010E+18   0.61468E+01
   0.24920E+00   0.27812E+04   0.35971E+04   0.18463E+18   0.66146E+01
   0.25532E+00   0.28411E+04   0.35971E+04   0.18894E+18   0.70995E+01
   0.26154E+00   0.28961E+04   0.35971E+04   0.19293E+18   0.75928E+01
   0.26786E+00   0.29476E+04   0.35971E+04   0.19667E+18   0.80856E+01
   0.27427E+00   0.29987E+04   0.35971E+04   0.20040E+18   0.85729E+01
   0.28078E+00   0.30521E+04   0.35971E+04   0.20429E+18   0.90550E+01
   0.28739E+00   0.31104E+04   0.35971E+04   0.20853E+18   0.95375E+01
   0.29409E+00   0.31741E+04   0.35971E+04   0.21318E+18   0.10030E+02
   0.30089E+00   0.32428E+04   0.32318E+04   0.21821E+18   0.10572E+02
   0.30779E+00   0.33140E+04   0.32318E+04   0.22344E+18   0.11150E+02
   0.31479E+00   0.33878E+04   0.32318E+04   0.22889E+18   0.11758E+02
   0.32189E+00   0.34684E+04   0.32318E+04   0.23484E+18   0.12401E+02
   0.32909E+00   0.35581E+04   0.32318E+04   0.24147E+18   0.13088E+02
   0.33639E+00   0.36555E+04   0.32318E+04   0.24868E+18   0.13828E+02
   0.34379E+00   0.37610E+04   0.32318E+04   0.25651E+18   0.14630E+02
   0.35129E+00   0.38697E+04   0.32318E+04   0.26464E+18   0.15499E+02
   0.35889E+00   0.39776E+04   0.32318E+04   0.27275E+18   0.16432E+02
   0.36659E+00   0.40857E+04   0.32318E+04   0.28091E+18   0.17427E+02
   0.37439E+00   0.41952E+04   0.32318E+04   0.28918E+18   0.18485E+02
   0.38229E+00   0.43061E+04   0.32318E+04   0.29756E+18   0.19621E+02
   0.39030E+00   0.44184E+04   0.32318E+04   0.30605E+18   0.20849E+02
   0.39840E+00   0.45322E+04   0.32318E+04   0.31464E+18   0.22157E+02
   0.40661E+00   0.46474E+04   0.32318E+04   0.32335E+18   0.23513E+02
   0.41493E+00   0.47640E+04   0.32318E+04   0.33216E+18   0.24895E+02
   0.42334E+00   0.48821E+04   0.32318E+04   0.34108E+18   0.26306E+02
   0.43186E+00   0.50016E+04   0.32318E+04   0.35011E+18   0.27752E+02
   0.44048E+00   0.51225E+04   0.32318E+04   0.35925E+18   0.29226E+02
   0.44920E+00   0.52449E+04   0.32318E+04   0.36850E+18   0.30748E+02
   0.45802E+00   0.53688E+04   0.32318E+04   0.37785E+18   0.32323E+02
   0.46695E+00   0.54941E+04   0.32318E+04   0.38732E+18   0.33861E+02
zone  t = "dict_keys(  allWalls ispan = 001 lower ts wave 22000.1hz"
   0.18918E-01   0.59211E+03   0.22000E+05   0.37237E+17   0.00000E+00
   0.20164E-01   0.64395E+03   0.22000E+05   0.40598E+17   0.15388E+00
   0.21454E-01   0.71153E+03   0.22000E+05   0.45069E+17   0.31227E+00
   0.22789E-01   0.81156E+03   0.22000E+05   0.51912E+17   0.72451E+00
zone  t = "dict_keys(  allWalls ispan = 001 lower ts wave 22000.0hz"
   0.18918E-01   0.59211E+03   0.22000E+05   0.37237E+17   0.00000E+00
   0.20164E-01   0.64395E+03   0.22000E+05   0.40598E+17   0.15388E+00
   0.21454E-01   0.71153E+03   0.22000E+05   0.45069E+17   0.31227E+00
   0.22789E-01   0.81156E+03   0.22000E+05   0.51912E+17   0.72451E+00
zone  t = "dict_keys(  allWalls ispan = 001 lower ts wave 22000.0hz"
   0.18918E-01   0.59211E+03   0.22000E+05   0.37237E+17   0.00000E+00
   0.20164E-01   0.64395E+03   0.22000E+05   0.40598E+17   0.15388E+00
   0.21454E-01   0.71153E+03   0.22000E+05   0.45069E+17   0.31227E+00
   0.22789E-01   0.81156E+03   0.22000E+05   0.51912E+17   0.72451E+00
zone  t = "dict_keys(  allWalls ispan = 001 lower ts wave 22000.0hz"
   0.18918E-01   0.59211E+03   0.22000E+05   0.37237E+17   0.00000E+00
   0.20164E-01   0.64395E+03   0.22000E+05   0.40598E+17   0.15388E+00
   0.21454E-01   0.71153E+03   0.22000E+05   0.45069E+17   0.31227E+00
   0.22789E-01   0.81156E+03   0.22000E+05   0.51912E+17   0.72451E+00
zone  t = "dict_keys(  allWalls ispan = 001 lower ts wave 22000.0hz"
   0.18918E-01   0.59211E+03   0.22000E+05   0.37237E+17   0.00000E+00
   0.20164E-01   0.64395E+03   0.22000E+05   0.40598E+17   0.15388E+00
   0.21454E-01   0.71153E+03   0.22000E+05   0.45069E+17   0.31227E+00
   0.22789E-01   0.81156E+03   0.22000E+05   0.51912E+17   0.72451E+00
zone  t = "dict_keys(  allWalls ispan = 001 lower ts wave 22000.0hz"
   0.18918E-01   0.59211E+03   0.22000E+05   0.37237E+17   0.00000E+00
   0.20164E-01   0.64395E+03   0.22000E+05   0.40598E+17   0.15388E+00
   0.21454E-01   0.71153E+03   0.22000E+05   0.45069E+17   0.31227E+00
   0.22789E-01   0.81156E+03   0.22000E+05   0.51912E+17   0.72451E+00
zone  t = "dict_keys(  allWalls ispan = 001 lower ts wave 22000.0hz"
   0.18918E-01   0.59211E+03   0.22000E+05   0.37237E+17   0.00000E+00
   0.20164E-01   0.64395E+03   0.22000E+05   0.40598E+17   0.15388E+00
   0.21454E-01   0.71153E+03   0.22000E+05   0.45069E+17   0.31227E+00
   0.22789E-01   0.81156E+03   0.22000E+05   0.51912E+17   0.72451E+00
zone  t = "dict_keys(  allWalls ispan = 001 lower ts wave 22000.0hz"
   0.18918E-01   0.59211E+03   0.22000E+05   0.37237E+17   0.00000E+00
   0.20164E-01   0.64395E+03   0.22000E+05   0.40598E+17   0.15388E+00
   0.21454E-01   0.71153E+03   0.22000E+05   0.45069E+17   0.31227E+00
   0.22789E-01   0.81156E+03   0.22000E+05   0.51912E+17   0.72451E+00
zone  t = "dict_keys(  allWalls ispan = 001 lower ts wave 22000.0hz"
   0.18918E-01   0.59211E+03   0.22000E+05   0.37237E+17   0.00000E+00
   0.20164E-01   0.64395E+03   0.22000E+05   0.40598E+17   0.15388E+00
   0.21454E-01   0.71153E+03   0.22000E+05   0.45069E+17   0.31227E+00
   0.22789E-01   0.81156E+03   0.22000E+05   0.51912E+17   0.72451E+00
zone  t = "dict_keys(  allWalls ispan = 001 lower ts wave 22000.0hz"
   0.18918E-01   0.59211E+03   0.22000E+05   0.37237E+17   0.00000E+00
   0.20164E-01   0.64395E+03   0.22000E+05   0.40598E+17   0.15388E+00
   0.21454E-01   0.71153E+03   0.22000E+05   0.45069E+17   0.31227E+00
   0.22789E-01   0.81156E+03   0.22000E+05   0.51912E+17   0.72451E+00
zone  t = "dict_keys(  allWalls ispan = 001 lower ts wave 22000.0hz"
   0.18918E-01   0.59211E+03   0.22000E+05   0.37237E+17   0.00000E+00
   0.20164E-01   0.64395E+03   0.22000E+05   0.40598E+17   0.15388E+00
   0.21454E-01   0.71153E+03   0.22000E+05   0.45069E+17   0.31227E+00
   0.22789E-01   0.81156E+03   0.22000E+05   0.51912E+17   0.72451E+00
zone  t = "dict_keys(  allWalls ispan = 001 lower ts wave 22000.0hz"
   0.18918E-01   0.59211E+03   0.22000E+05   0.37237E+17   0.00000E+00
   0.20164E-01   0.64395E+03   0.22000E+05   0.40598E+17   0.15388E+00
   0.21454E-01   0.71153E+03   0.22000E+05   0.45069E+17   0.31227E+00
   0.22789E-01   0.81156E+03   0.22000E+05   0.51912E+17   0.72451E+00
zone  t = "dict_keys(  allWalls ispan = 001 lower ts wave 22000.0hz"
   0.18918E-01   0.59211E+03   0.22000E+05   0.37237E+17   0.00000E+00
   0.20164E-01   0.64395E+03   0.22000E+05   0.40598E+17   0.15388E+00
   0.21454E-01   0.71153E+03   0.22000E+05   0.45069E+17   0.31227E+00
   0.22789E-01   0.81156E+03   0.22000E+05   0.51912E+17   0.72451E+00
zone  t = "dict_keys(  allWalls ispan = 001 lower ts wave 22000.0hz"
   0.18918E-01   0.59211E+03   0.22000E+05   0.37237E+17   0.00000E+00
   0.20164E-01   0.64395E+03   0.22000E+05   0.40598E+17   0.15388E+00
   0.21454E-01   0.71153E+03   0.22000E+05   0.45069E+17   0.31227E+00
   0.22789E-01   0.81156E+03   0.22000E+05   0.51912E+17   0.72451E+00
zone  t = "dict_keys(  allWalls ispan = 001 lower ts wave 22000.0hz"
   0.18918E-01   0.59211E+03   0.22000E+05   0.37237E+17   0.00000E+00
   0.20164E-01   0.64395E+03   0.22000E+05   0.40598E+17   0.15388E+00
   0.21454E-01   0.71153E+03   0.22000E+05   0.45069E+17   0.31227E+00
   0.22789E-01   0.81156E+03   0.22000E+05   0.51912E+17   0.72451E+00
zone  t = "dict_keys(  allWalls ispan = 001 lower ts wave 22000.0hz"
   0.18918E-01   0.59211E+03   0.22000E+05   0.37237E+17   0.00000E+00
   0.20164E-01   0.64395E+03   0.22000E+05   0.40598E+17   0.15388E+00
   0.21454E-01   0.71153E+03   0.22000E+05   0.45069E+17   0.31227E+00
   0.22789E-01   0.81156E+03   0.22000E+05   0.51912E+17   0.72451E+00
zone  t = "dict_keys(  allWalls ispan = 001 lower ts wave 22000.0hz"
   0.18918E-01   0.59211E+03   0.22000E+05   0.37237E+17   0.00000E+00
   0.20164E-01   0.64395E+03   0.22000E+05   0.40598E+17   0.15388E+00
   0.21454E-01   0.71153E+03   0.22000E+05   0.45069E+17   0.31227E+00
   0.22789E-01   0.81156E+03   0.22000E+05   0.51912E+17   0.72451E+00
zone  t = "dict_keys(  allWalls ispan = 001 lower ts wave 22000.0hz"
   0.18918E-01   0.59211E+03   0.22000E+05   0.37237E+17   0.00000E+00
   0.20164E-01   0.64395E+03   0.22000E+05   0.40598E+17   0.15388E+00
   0.21454E-01   0.71153E+03   0.22000E+05   0.45069E+17   0.31227E+00
   0.22789E-01   0.81156E+03   0.22000E+05   0.51912E+17   0.72451E+00
zone  t = "dict_keys(  allWalls ispan = 001 lower ts wave 21999.9hz"
   0.18918E-01   0.59211E+03   0.22000E+05   0.37237E+17   0.00000E+00
   0.20164E-01   0.64395E+03   0.22000E+05   0.40598E+17   0.15388E+00
   0.21454E-01   0.71153E+03   0.22000E+05   0.45069E+17   0.31227E+00
   0.22789E-01   0.81156E+03   0.22000E+05   0.51912E+17   0.72451E+00
zone  t = "dict_keys(  allWalls ispan = 001 lower ts wave 21999.9hz"
   0.18918E-01   0.59211E+03   0.22000E+05   0.37237E+17   0.00000E+00
   0.20164E-01   0.64395E+03   0.22000E+05   0.40598E+17   0.15388E+00
   0.21454E-01   0.71153E+03   0.22000E+05   0.45069E+17   0.31227E+00
   0.22789E-01   0.81156E+03   0.22000E+05   0.51912E+17   0.72451E+00
zone t = "dict_keys(  allWalls ispan = 001 lower ts wave enveloped curve"
   0.18918E-01   0.59211E+03   0.22000E+05   0.37237E+17   0.00000E+00
   0.20164E-01   0.64395E+03   0.22000E+05   0.40598E+17   0.15388E+00
   0.21454E-01   0.71153E+03   0.22000E+05   0.45069E+17   0.31227E+00
   0.22789E-01   0.81156E+03   0.22000E+05   0.51912E+17   0.72451E+00
