1.000000000000000
0.999842094641650
0.999368478303009
0.998579450130307
0.997475508490650
0.996057350657239
0.994325872368957
0.992282167264603
0.989927526192123
0.987263436393289
0.984291580564316
0.981013835793043
0.977432272373322
0.973549152497372
0.969366928826937
0.964888242944126
0.960115923682935
0.955052985342498
0.949702625783186
0.944068224406772
0.938153340021932
0.931961708596418
0.925497240897346
0.918764020021071
0.911766298814214
0.904508497187474
0.896995199323918
0.889231150783512
0.881221255505724
0.872970572712091
0.864484313710706
0.855767838604643
0.846826652906402
0.837666404060512
0.828292877876478
0.818711994874345
0.808929806545167
0.798952491528759
0.788786351711134
0.778437808244094
0.767913397489498
0.757219766890753
0.746363670774146
0.735351966082666
0.724191608045016
0.712889645782536
0.701453217856831
0.689889547760901
0.678205939356625
0.666409772261493
0.654508497187474
0.642509631234988
0.630420753144948
0.618249498511862
0.606003554961027
0.593690657292862
0.581318582597442
0.568895145342319
0.556428192436741
0.543925598275372
0.531395259764657
0.518845091334967
0.506283019941676
0.493716980058324
0.481154908665033
0.468604740235343
0.456074401724628
0.443571807563259
0.431104854657681
0.418681417402558
0.406309342707138
0.393996445038973
0.381750501488138
0.369579246855052
0.357490368765012
0.345491502812526
0.333590227738507
0.321794060643375
0.310110452239099
0.298546782143169
0.287110354217464
0.275808391954984
0.264648033917334
0.253636329225854
0.242780233109247
0.232086602510502
0.221562191755906
0.211213648288866
0.201047508471241
0.191070193454833
0.181288005125655
0.171707122123522
0.162333595939488
0.153173347093597
0.144232161395357
0.135515686289294
0.127029427287909
0.118778744494276
0.110768849216488
0.103004800676082
0.095491502812526
0.088233701185786
0.081235979978929
0.074502759102654
0.068038291403582
0.061846659978068
0.055931775593228
0.050297374216814
0.044947014657502
0.039884076317065
0.035111757055874
0.030633071173063
0.026450847502628
0.022567727626679
0.018986164206957
0.015708419435684
0.012736563606711
0.010072473807877
0.007717832735397
0.005674127631043
0.003942649342761
0.002524491509350
0.001420549869693
0.000631521696991
0.000157905358350
0.000000000000000
0.000157905358350
0.000631521696991
0.001420549869693
0.002524491509350
0.003942649342761
0.005674127631043
0.007717832735397
0.010072473807877
0.012736563606711
0.015708419435684
0.018986164206957
0.022567727626679
0.026450847502628
0.030633071173063
0.035111757055874
0.039884076317065
0.044947014657502
0.050297374216815
0.055931775593228
0.061846659978068
0.068038291403582
0.074502759102654
0.081235979978929
0.088233701185786
0.095491502812526
0.103004800676082
0.110768849216488
0.118778744494276
0.127029427287909
0.135515686289294
0.144232161395357
0.153173347093598
0.162333595939488
0.171707122123522
0.181288005125655
0.191070193454833
0.201047508471240
0.211213648288866
0.221562191755906
0.232086602510502
0.242780233109247
0.253636329225854
0.264648033917334
0.275808391954984
0.287110354217464
0.298546782143169
0.310110452239099
0.321794060643375
0.333590227738507
0.345491502812526
0.357490368765012
0.369579246855052
0.381750501488138
0.393996445038973
0.406309342707138
0.418681417402558
0.431104854657681
0.443571807563259
0.456074401724628
0.468604740235343
0.481154908665033
0.493716980058324
0.506283019941676
0.518845091334967
0.531395259764657
0.543925598275371
0.556428192436741
0.568895145342319
0.581318582597442
0.593690657292863
0.606003554961027
0.618249498511862
0.630420753144949
0.642509631234988
0.654508497187474
0.666409772261493
0.678205939356625
0.689889547760901
0.701453217856831
0.712889645782536
0.724191608045016
0.735351966082666
0.746363670774146
0.757219766890753
0.767913397489498
0.778437808244094
0.788786351711134
0.798952491528759
0.808929806545167
0.818711994874345
0.828292877876478
0.837666404060512
0.846826652906403
0.855767838604643
0.864484313710706
0.872970572712091
0.881221255505724
0.889231150783512
0.896995199323918
0.904508497187474
0.911766298814214
0.918764020021071
0.925497240897346
0.931961708596418
0.938153340021932
0.944068224406772
0.949702625783186
0.955052985342498
0.960115923682935
0.964888242944126
0.969366928826937
0.973549152497372
0.977432272373322
0.981013835793043
0.984291580564316
0.987263436393289
0.989927526192123
0.992282167264603
0.994325872368957
0.996057350657239
0.997475508490650
0.998579450130307
0.999368478303009
0.999842094641650
1.000000000000000
