-0.497414818842439 0.000064144269542
-0.136434821092751 0.065561566128293
-0.038453883630139 0.038596774953913
-0.014247508645494 0.019244235508699
-0.008885205347263 0.012763785517806
-0.006626767887625 0.005687362934293
-0.003816744026942 0.007472978605733
-1.499591959295485 -0.403418634008942
-0.227272271764584 0.300084512830348
-0.101638088626766 0.097835707440790
-0.059502839553091 0.037676167150902
-0.036877653368133 0.017638644309062
-0.014406736200256 0.022246228552982
-0.009225351745160 0.008829377212245
0.300213033853891 0.599637692488676
-1.198834300761974 5.194131017739048
